79 79 79 79 79 79 79
79 79 79 79 79 79 79
79 79 79 79 79 79 79
79 79 79 79 79 79
79 79 79 79 79
79 73 79 79 79 79 79 79
79 79 79 79 79 79 79
79 79 79 79 79 79 79 79 79
79 79 79 79 49 79 79 79
79 79 79 79 79 79 79 79
79 79 79 79 79 79 79 79
79 79 79 79 79 79 79 79 79
79 79 79 79 79 79 79 79 79
79 79 79 79 79 79 79 79
79 0 0 0 0 1 1
1 80 80 80 80 80 80
80 80 80 79 49 49 76 76
76 76 79 79 79
79 79 79 79 79 79 79 79 79
79 79 79 79 79 79 79 79
79 0
79 79 79 79 79 79 79
79 79 79 79 79 79 79 79
79 79 79 79 79 79 79 79
79 79 79 79 79 79 79 79 79 79
79 79 79 79 79 49 49
79 79 79 79 79 79 79 79
79 79 79 79 79 79 79 79
79 79 79 79 79 79 79 79 79
79 79 79 79 79 79 79
79 79 79 79 79 79 79
79 79 79 79 79 79 79
79 79 79 79 79 79 79 79
79 79 79 79 79 79 79
79 79 79 79 79 79 79
79 79 79 79 79 79 79
79 79 79 79 79 79 79
79 79 79 79 79 79 79 79
79 79 79 79 79 79 79 49 49
79 79 79 79 79 79 79
79 79 79 79 79 79 49 79 79 79
49 79 79 79 79 79
79 79 79 79 79 79
79 79 79 79 79 79 79
79 79 49 79 79 79 79
79 79 79 79 79 49 79
79 79 79 79 79 79 79 79
79 79 79 79 79 79 79 79 79
79 79 19 0 0 0 0
0 0 0 0 0 0 0 0
0 0 0 0
79 79 79 79 79 79 79
79 79 79 79 79 79 79
79 79 79 79 79 79 79 0 0 0
0 0 0 0 0 0 0 0
0 0 0 0 0 0 0
0 0 0 0 0 0
0 0 0 79 79 79 79 79
79 79 79 79 79 79 79
79 79 79 79 79 79 79 79
79 79 79 79 79 79 79 79 79
79 79 79 79 79 79 79 79
79 79 79 79 79 79 79 79 79
79 79 79 79 79 79 79 79 79
79 79 79 79 79 79 79 79 79 79
79 79 79 79 79 79 79 79
79 79 79 79 79 79
79 79 19 19 47 19 38
38 38 38 38 37 37 46 38
38 38 38 38 38 38 38 38
74 74 38 50 38 38 38
47 50 77 50 79 79
79 79 79 79 79 79 50
79 79 79 79 79 79
79 79 79 79 79 79 79
79 79 79 79 79 79
79 79 79 49 79 79 79 79
79 79 79 79 79 79 79 79 76
76 79 76 79 76 76 76 4 79
70 76 79 79 79 79 79
79 79 79 79 79 79 79 79
76 79 79 79 79 79 79
79 79 79 79 79 79 79
79 79 79 79 79 79 79
79 79 79 79 79 79 79 79
79 79 79 79 79 79 79
79 79 79 79 79 79 79 79
79 79 79 79 79 79 79 79
79 79 79 79 79 79 79
79 79 79 79 0
79 79 79 79 79 79 79 79
79 79 79 79 79 79 79 79
79 79 79 79 79 79 79
79 79 79 79 79 79 79 79 79
79 79 79 79 79 79 79 79
79 79 79 79 79 79
79 79 79 79 79 79 79
79 79 79 79 79 79 79 44 44 44
44 44 17 17 17 44 71
71 71 71 71 71 71 71
71 71 70 70 70 43
43 43 43 43 43 43 43 43
79 79 79 79 79 79 79 79 79 79
79 79 79 79 79 79 79 79 79 79
79 79 79 79 79 79 79
79 79 79 79 79 79 79 79
79 79 79 79 79 79 79
79 79 79 79 79 79 79 79 79
79 79 79 79 79 79 79
79 79 79 79 79 79
79 19 0 0 0 0 0
0 0 0 0 0 0 0 0
0 0 0 0 0 0 0 0 0 0
0 41 41 41 41 41 41 41 42
41 71 71 71 71 71 71
71 71 71 71 71 71 71 71
71 71 71 71 71 71 71 71
71 71 71 71 71 71 71 71 71 71
71 71 71 71 71 71 71
71 71 44 44 17 17 44 71 71 71
71 71 71 71 71 71 71 71 71 71
71 71 71 71 71 71 71 71 71
71 71 71 71 71 71 71 71 71 71 71
71 71 71 71 71 71 71 71 71 71 71
71 71 71 71 71 71 71 71 71
71 72 80 80 80 80 80 71
71 71 71 71 71 71 71
71 71 71 71 71 71 71 71
71 71 71 71 71 71 71
71 71 80 71 71 80 80 80
71 71 71 71 71 42 42 42 41 42
41 20 23 23 23 23 23 23
23 41 41 41 41 42 42 41
41 41 41 41 41 41 42 42 42
42 72 72 72 72 72 72 71 71
71 71 80 80 79 79 79 79 79
79 79 79 79 79 79 79 79 79
79 79 79 79 79 79 79 79 79
79 79 79 79 79 0 0 0
0 0 0 1 12 21 0 0
0 0
0 0 0 0 0 0
0 0 0 0 0 0 1
0 79 79 79 79 79 79
79 79 79 0 0 0 0
0 0 0 0 41 42 12 38 41
41 41 41 41 41 12 38 50
41 42 42 42 41 41 41 47
0 79 79 79 79 79 79 79
79 79 79 79 79 79
79 79 79 79 79 79 79 79 79
79 79 79 79 79 79 79
79 79 79 79
79 79 79 79 79 76 79 79 79
79 79 79 0
