77 77 77 77 77 77 77 77 77 77 77
77 71 71 49 79 79
67 67 67 67 67 71
49 79 79 71 79 79 79
79 80 44 41
50 50 50 49 70 70 70 70
70 50 50 50 50 44 50
50 53 68 71 71 41
40 40 40 40 31 50 80 80
71 71 68 71 80 80
77 77 77 77 77 77 77
77 80 80
77 80 80 80 80 80 80
80 80 80
77 41 41 71 71 49 52
41 49 49 0 0
0 0 0 49 41 71 71
71 71 71 71 68 67 67
68 68 68 68 68 71 68 68
68 68 71 68 68 71
41 41 41 41 41 71 70 79 79 40
41 70 70 70 70 70 70
67 67 68 68 68 68 68 65
65 65 59 59 68 68 71 71
71 71 71 71
71 71 71 71 71
71 71 71 68 49 49 49
49 79 79 79 79 79 79 79 79
49 49 49
49 49 49 49 49 49 49
52 49 52 52 52
49 41 71 71 71 71
71 71 71 71 71 71
71 71 71 71 71 71 71 71
71 71
71 71 71 71 71 68 41
71 71 71 71 71 71 71 71
71 71 71
64 67 67 67 71 71 71
49 49 49 49 49 49 49
49 49 49 49 49 76 76
41 41 41 41 41 41 41 41 41 41
79 79 76 77 80 80 80
80 80 80 80 80 80 80 80 80
80 80 80 80 20
21 21 20 20 20 20 20 20
20 20 20 20 20
20 77 77 41 71 71 71 71 71 71
71 68
67 67 68 68 71 71 71 71 71 67
68 71 68 71 71 71 71 71 71
71 71 49 49 52 71 71
68 76 76 76 76 76 77
80 79 79 79 73 73 76
76 80 71
71 41 41 41 41 41 41 19 19 19
49 49
49 49 71 71 43 49
49 49
50 40 40 50 43 68 68
43 50
80 40 43 41 41 40 40 41
40 41 40 40 44 71 71 41 41
20 19 19 19 19 19 19
19 49 49 49 49 43 43
43 49 80 80
43 43 43 76 73 73 73 73
76 67 67 76 73 76 76 76 40 41
71 71 71 68
68 64 64 64 64 67 64 41
71 71 41 44 44 71 71 71
71 71 70 49 49 70 70
70 70 70 70 70
68 49 49 49 49 40 43 43
40 40 70 70 40 40 41
76 79 71 71 71
49 40 70 70 70 70 70 70 49
50 80 71
67 64 70 70 70 67 67 67
67 50
50 80 80 80 40 61 61
61 40
79 70 79 76 79 79 49 79
70 70 70 70 40
40 67 67 70 70 67 67 67
70 70 70 67 70 70 70 70
49 70 70 70 70 70 40
80 50 50 50 80 76 79
70 70 70 76 76 76 76 49
49 49 70 70 79 79
40 40 58 40 70 70
70 67 67 67 67 68
50 44 53 50 71 80
80 71 71 50
50 50 44 44 50 81 81
41 71 71 71 70 49 70 71
71 70 70 70
67 67 70 70 67 67 69 78
71 71 68 76 67 71 71
71 70 70 76 76 76 76 76
76 76 69 69 70 70 71
80 80 50 80 80 77
68 68 41 40 41 71 41
41 41 41
70 71 71 71 71 71 71 71
40 40 41 71 71 71 71 71
71 37 37 40 40 40
50 50 80 50 50 77
51 50 50 50 50 50 49 49
37 40 40 41 49 49 49
70 70 41 41 41 40 40
67 67 49
49 49 49 52 79 67 49 46 49
70 70 70 70 70 67 64 64
67 67 67 67 67 67 67 67
41 41 40 40 67 76 79
79 77 80 80 79 79
79 79 80 79
80 80 80 80 80 80 80 80 80
76 76 77 70 70 70 70
40 40 40 40 31 31 31
70 50 50 41 41 40 40 40 40
49 49 50 50 80 80 80
50 41 80 80 80 77 77 50
50 50 50
50 50 50 50 46 46 46 49
50 50 50 50 50 50 50
50 50 50
50 50 50 50 50 50 50
80 50 50 41 71 71
71 50 50 50 53 80 80 53
37 31 40 40 41 50 50 49
76 73
76 76 76 76 76 76 76 76
76 76 73
76 76 76 51 51 51
42 42 42 42 50 40
40 40 40 40 40
40 40 40 40 40 76 76 76 76
50 53 50
80 50 50 50 50 80 80
40 40 40 40 40 71 71
71 71
70 70 70 40 40 40
67 71 71 71 67 67
70 49 49
49 49 49 49 49 49 49 49 76
76 77 77 76 41 71 71
71 49 49 49 49 49
49 49 49 76 49 79 79 79
79 79
49 49 70 70 41 79
71 71 71 71 71 71
71 71 71 68 71 71
77 76 79 79 71 71 49
76 76 49 79 79 79
67 68 41 41 40 40
40 40 40 43 40
49 49 41 41 49 49
49 76 76 49 49
49 49 49 49 49 19 49 49 49
49 49 49 76 76 76
76 76
76 76 77 77 77 77
77 77 77 77 77
76 76 76 76 76 76
76 76 76 77 77 77 77
77 79
76 76 76 76 79 79 79
79 79
79 40 67 67 67 67
70 70 70 70 70 70 70 70
49 49 49 52 79 77 80
80 80 80 79 79 79
79 79 79 79 79 51 77 76
76 76 76 76 73 73 76
76 76 73
74 75 78 51 77 74 74
77 77 79 49 49 41 40 71 67
68 71 71
71 71 49 49 49 52 79 79
49 49 49 49 40 49 50 41 41
40 40
49 41 50 49 49 49 49 49
49 49 49 49 49
76 76 76 77 51 50 77 76 80
80 76 77 76 77 77
77 76 79 79 79 79 79 79
79 77 77 77 77 79 79 79
76 79 79 76 76
79 79 79 77 80 80 80 77
77 80 77 74 74 80 80 77
44 40 40 68 41 49 40 70 70
70 50
76 77 76 71 71 71
71 71 64
64 76 76 76 71 71 76
73 73 40
40 40 40 49 79 70 70 70
70 70 70 70 77
76 76 79 80 76 79 79 79 79
79 79 41
41 65 67 68 71 71 79 79 49
40 67 70 70 70 67
67 67 67 50
80 50 51 50 50 50 50
67 67 64 69 81 68 74 69
69 81 81 77 78 81 81 81
49 49 49 49 79 79 79 52
52 49 50 50 80 80 79 76
79 79 79 49 79
79 49 40 67 70 71 71
71 40 70 70 70 70 70 70
70 70 71 49
49 79 79 79 49 70 71 71 71
71 71
41 41 71 71 71 71
71 71 71 71 71 71 71 71
71 71
70 68 68 70 70 70 71
71 70 70 70 68 71
71 71 71 71 71 71 71 71
71 71 71 71 71 71 71 80
49 52 79
50 41 41 68 76 79 50
41 71 71
71 79 79 49 79 80 80
80 49 70 70 70 70 68
71 71 71 71 50 71 71
50 71 41
41 41 41 41 71
77 71 76 70
70 79 80 80 80 71 80
80 80 71 71 71 71 71 53
53 26 27 27 27 27 27 27 26
71 76 76 49 71 71 71
71 67
70 49 50 80 71 71
70 70 67 70 71 71 70 67
71 71 62 71 71 32 32
71 70 79 79 79 71 50 80
71 71 71 71 71
67 64 67 67 71 71
71 71 67
79 79 79 79 79 78 79
79 79
76 80 80 80 80 80 76 76
76 76 73
73 73 73 73 76 76 76 76
76 77 77 76 76 76 76
80 80 80 80 80 80
76 76 76 76 77 77 80 77
77 76 80 80
80 80 80 76 41 71 40 40
41 41 40 70 67 79 79
76 70 70 67 67 67 67
76 67 76 76 79 70 67
67 67 71
70 71 71 67 67 67 43
43 43 70 70 70
67 67 67 67 67 67 67 67
71 71 71 71 67 67 67 70 71
71 71 71 68 68 68 68
68 70
70 70 70 70 76 49
67 67
70 70 70 70 79 76 79
79 79 79 79 79 79 79 79
79 77 77 79 80 79
79 79 76 79 77
76 76 76 77 77 80 80 80
80 80 79 79 80 80 79
79 80 76 79
76 76 76 76 76 76 76 80
80 76 79 76 80 80
77 49 41 68
71 70 67 40 40 40 40 67 68
68 71 71 68 58 62 71
71 70 68 71 68 71 71
68 71 71 70 70 70 71
68 71 67 40 67 70
70 70 80 80 80 80
80 80 80 80 80 49 40 40
40 40
67 67 67 70 43
43 70 70 70 70
70 70 67 67 67 67 71
71 71 71 71 70
70 49 49 70 70 70 70
79 79 79 71
71 71 70 67 70 67
70 64 67 70 70
67 70 70 70 70 70 70
67 70 70 70 70 70 70
79 79 79 40 40 67 67
52 70 70 70 70 70 70
70 70 79 80 79 79
52 70 71 79 67 70
70 79 79 79 79
67 70 70 70 70 70 70 70
76 74 74 76 76 76
76 76
76 76 76 76 76 76 76
76 76 77 76 76 76 76
76 76 76 77 76 76 76 76 76
76 76
76 76 76 76 76 79 79 79
79 79 79 79 71
71 71 71 71 71 71 71
70 70 68 70 70 70
49 70 70 79 76 76 79 79
76 73
76 76 73 76 79 79 79 79
79 76
79 79 79 79 79 79 79 76 79
70 49
80 79 77 77 71 70 71 68
80 80 80 80 79 80 80 80
73 76 76 80 80 80 71
79 71 71 71 71 71 71 71
71 71 71 71 71 71 71
71 71
43 44 43 77 68 68 68 68
43 43 43 70 70 71 71 71
71 71 70
70 70 70 70 70 67 68
71 71 71 71 71
71 71 71 49 49 49 49 49
67 68 68 45 45 68 80 71 71
71 70 70 67 67 68 68
71 41 71 79 52 68
71 71 71
71 71 71 71 71 71 71 71 49
49 49 49 49
49 49 71 0 0
