79 76 76 79 76 76 79
76 79 79 79 79 79 79 79
79 79 79 79 49 49 71
71 71 68 68 68 71
71 71 79 49 49 49 49
49 71 68 79 79 79
79 79 79 79 79 79 77 77
77 77 79 79 79 79 76 76
79 0
0 0 49 41 71 71 71
71 71 71 71 68 74 77
77 77 77 77 71 71 71 71
71 41 71 70 70 70
71 52 53 53 80 53
53 53 53 80 80 80
80 80 80 80 80 80 76
79 76 79 79 80
79 79 80 80 49 49 49 76
41 41 41 71 71 49 49 49
80 80 80 71 40 79
71 71 71 71 68 76 76
76 80 71 79 79 76 76 77 80
80 80 77 80 80 80
80 80 50 41 41 79
52 71 71 41
41 68 68 68 68 68 68 68
68 70 70 70 79 70 70 68
68 68 71 71 68 77
80 80 71 71 71 71
52 50 50 71 71 71 71 71
77 76 79 70 70
70 50 79 79 70 71
70 70 70 71 71 79 52
52 79 79 41 50 50 71 71
71 71 41 71 71
71 71 76 76 79 80 80 50 50
68 68 76 79 79 76 76 76 76
77 80 80 80 79 79 79 79
79 79 79 52 49 41
41 41 41 71 71 71 71
67 67 67 70 70 70 70
70 80 71 41 41
41 71 68 68 70 67
67 70 70 70 70 68 71
71 67 67 67 67 49
49 41 41 41 41 41
76 70 70 70 67 71 71
71 68 40 67 70 79 70 79
79 1 14 14 14 14
14 14 14 14 14 14 0
11 21 3 3 3 3 3 0
1 1 1 1 70 41
41 41 50 79 79 79 79
49 76 52 52 52 52 52 68 68
68 68 68 41 70 70
70 77 76 76 76
76 76 49 49 49 49 49
49 49 49 79 80 76 80
79 70 71 41 40 40
70 70 49 70 70 71 79
79 79 79 77 77 77 80 80 80
80 80 80 77 79 79 79 76
76 79 79 80 80 79 79
79 79 79 77 76 76 79
77 79 79 80 80
80 76 76 52 79 79 40 40
40 79 79 76 76 76
76 76 76 76 79 50
41 41 41 41 41 49
52 79 79 79 70 50
49 49 49 79 79 79 79 79
79 79 49 49 49 49 49
49 49 79 79 79 50 50 41
41 71 71 71 41 41 41 41 40
79 79 79 70 71 71
71 40 79 79 79 79 79 77
77 77 79 79 79 79 52
52 76 76 52
40 40 40 40 40 40 40
40 49 41 40 40 40 67
0 0 0 0 0 0 0 0
0 0 0 40 41 41 41 41 41
41 41 50 49 49 76 76
50 50 68 68 68 50 49
41 0 0 0 0 0
0 0 0 0 0 0 0 0
0 0 0 0 0 0 0 0
0 0 0 0 0 0 0
0 0 0
0 0 0 0 0 0 0 0
0 0 0 0 0 0
0 0 0 0 0 0 0 0 49
40 50 50 76 77 76 49
41 71 76 80 80 80 52
41 41 41 49 49 49 49 49
49 49 49 49 49 40
40 40 40 41 41 49 49 49 49 79
79 79 67 67 67 70 70 70 77 76
76 79 41 68 77 77
79 52 49 49 50 41 41 41
71 49 79 79
79 79 79 79 76 76
79 79 76 79 79 79 79
79 79 79 79 79 76
76 79 79 79 79 79 79 79 77 77
77 77 77 80 80 79 79
76 79 76 79 79 76
76 76 76 76 76 49 49
49 49 49 52 52
52 52 49 79 76 52 49 41
68 41 40 40 49 49 49 49 52
79 77 76 79 76 77
76 76 79 76 76 77 79 79
76 79 79 79 79 79
79 79 79 79 76 76 76 76
79 76 79 79 79 79 79
76 76 79 79 79 79 79 79
76 76 76
79 79 79 79 76 79 71 71
71 71 71 79 71 71 79 79
41 44 44 67 67 41
71 41 40 67 67 70
44 43 43 40 71 71 49 71
79 79 70 52 49 50 71
71 71 71 71 41 44
44 71 71 76 76 76 76 76
79 77 79 79 79 79
79 79 79 79 79 77 77
77 76 76 79 79 79
41 41 41 71 71 71 71 71
71 80 80 79 79 80
80 80 76
76 76 76 76 79 79 79 76
76 76 79 79 76 79
79 41 41 71 50 80
80 77 76 76 79 79
79 79 79 79 76 0 0
0 0 0 0 0 0 0 0
0 0 0 0 0 0
0 0 0 0 0 0 0
0 0 0 0 0 0 0
0 49 68 68 70
41 49 79 52 76
77 77 77 79 76 76 79 79 76
76 76 76 76 76 76 77 80 80 80
80 80 80 80 76 76 76
76 76 76 79 79 79 76 76 79
79 79 79 79 79 79 79 49
49 49 49 49 49 49 49 49
76 80 79 79 79 79 76 76
76 76 76 76 76 76 79
79 79 79 76 76 76 76
76 76 76 76 76 76 76
76 76 76 76 77 77 79 79
79 41 49 49 49 49 76 71 71
49 52 52 79 76 79
80 80 77 77 76 79 79
79 79 79 80 80 79 79 79
79 80 79 79 79 79 79 76 79
79 76 79 79 79 79 76
79 79 76 76 80 71 71 71
80 80 80 80 79 79 79
79 79 76 73 73 73 73 73
73 79 49 41 41 41
41 68 71 71 71 68 67
67 70 70 70 67
52 79 79 76 76 76
73 73 76 76 76 76 76 76
73 49 49 49 49 79 79
79 79 76 76 76 76
76 76 76 76 76 76 76 76
76 76 76 76 76 76 76 76
76 76 76 76 76 76
76 76 76 76 76 76 76 76
49 49 49 79 52 49
79 79 79 49 40 49 19 19
19 19 37 31 31 31 31 31
40 40 41 41 50 50 50
50 49 41 41 41 50
79 79 41 44 71 50
50 50 81 80 41 70 70
49 49 79 79 79 79
49 41 41 41 41 41 79 79
80 79 79 79 79 79 49 79
79 40 49 80 80 80 80 71 41
70 79 76 76 79 79 79
79 79 79 50 49 49 49 71
71 71 71 71 77 79 76 79 79
79 79 77 77 80 79
79 79 49 49 49 79 79 79
79 79 79 76 76 76 76 76 76
76 79 79 79 79 79 79
76 77 76 76 77 77 77 77
77 77 77 77 77 74 73 76
79 79 79 76 76 77 50
41 71 71 71 71 71
68 67 68 68 68 68
68 68 68 64 64 77
73 77 76 79 79 79
79 79 79 80 80 80 0 0
