71 70 49 49 49 49 49 49 68
68 0 0 0 0 0 0 0
0 0 0
37 40 40 40 40 40
40 49 49 40 40 40 40
49 79 52 52 43 70
40 40 49 49 40 40 40 40
49 40 41 68
40 40 40 40 40
40 40 40 40 40 40 40 37 37
37 37 40 40 40 0
-29 -29 -29 -29 -29 -29 1
41 40 49 49 40 49 49 49 40
40 49 40 40 41 40 40 40
40 40 40 40 41 41 41 40
49 49
22 70 71 71 41 41 40 49
49 49 49 49 68 67 68 68
68 41 40 40
40 41 49
49 40 41 21 0 0
0 0 0 0 0
0 0 0 0 0 0 40
40 49 49 49 49 49 49 40
40 40 40 40 40 40
40 49 49 49 49 40
40 40 40 40 41 41 41 41 41
40 40 40
22 22 40 40 67 40 40
40 40 40 40 40 40 41 41
41 41 41 37 37
10 40 49 49 49 49 49
41 41 50 53 53
40 40 31 40 41 41
41 41 40 40 49 49 49 40 40
41 41 41 41
40 40 40 40 40 40 40
40 40 40 31 31 41 40 37
40 40
40 31 31 31 40 40 40 49 49
49 40 49 49
40 40 31 31 31 31 40 40
40 40 49 49 49 50
41 40 40 40 40 40 40 40 40
28 31 31 31 31 41 41 31
40 40 49 49 49 41 71 44
50 40 67 67 67 67 67 40
49 49 40 71 71 71
71 49 49 49 22 49 49
40 40 31 31 49 49 49 49 40
40 40 40 40 31 31 31 31
31 31 32 32 31 40
40 40 40 40 49 49 49 49
49 49 41 41 41 41 41 41 41
37 40 40 41 41 49 49
41 41 41 41 41
50 50 50 50 50 40 40 40
40 40 40 40 41 40 40
41 41 41 50 49 49 49
49 68 68 71
41 41 40 40 31 31 31 31
40 40 40 40 40 40 40 40
31 31 31 41 41 41 40 40 40
49 49 49 49
41 41 41 41 40
49 41 40 31 31 67
70 70 70 52 40 43 40 40
40 67 70 41 49 49 41
41 41 41 41 41 40 40 40
40 40 40 40 40 40 40 40
40 40 40 40 40 41
68 41 40 49 49 40 40 40 40
41 41 41 41 41 41 41
49 40 49 40 41
41 41 49 49 46 49 49 49
79 49 49 49 49 79 41 41
40 40 40 40 40 40 31 31 31 41
40 40 40 31 40 40 40 40
40 40 40 40 40 40 40 40
40 49 49 49 49 41 23 41 41
71 41
40 76 67
49 49 49 49 49 76
49 40 68 68 41 41 41
41 49 40 40 40 49
49 67 67 67 40 40 40 40 40
40 40 68 71 71
40 40 40 40 71 70 70 70
40 49 49
41 71 41 40 70 41 40
40 40 40 40 40 40 40 40 40
40 41 41 41 40
40 40 49 41 40 31
31 31 31 31 40 40 40 41
77 41 40 40 40 40 40
50 41 53 53 50
41 41 40 40 40 40 40 40
31 31 31
40 40 40 40 40 40 40 40
40 40 40 40 40 49
40 40 49 40 41
49 49 49 41 41 41
41 40 40 40 41 49 37 37
37 40 37 40 41 40 40 49
40 40 40 40 40 40
40 41 41 41 49 49
49 49 40 40 41 41 41 41
41 40 41 50 50 50 50 52 41
41 79
40 40 40 31 41 32 41 41 41
40 40 40 41 41 41 41
40 40 40 40 40 40 40 40
40 40 37 40 40 41
40 40 40 40 49 40 46 41
41 41 41 41 53 0 0
0 0 0 0 0 0 0 0
0 0 0 0 0 0 0 0 0
0 0 0 0 41 41 40 40 40
40 40 40 40 41
41 40 40 40 41 14 14 41
41 68 41 40 40
41 41 71
26 26 22 22 67 70 70 71 70
71 41 41 40 40 40 40
40 40
40 40 40 49 50 41 41 41
41 41 50 50 40 40 40 40
40 31
40 40 40 49 41 41 40 40
41 50 40 37 37 40 40
37 40 40 40 31 31
31 76 49 49 49 49
49 41 49 49 40 49 49
49 49
41 41 49 49 49 49
41 40 40 40 40 40 40
40 49 49 49 49 49 19
49 49 49 49 49 49 41
68 40 40 40 40 40 40
49 49 40 49 49 40 40 41
41 49 46 49 49 49 41
41 41 41 41 41 49
49 49 49
46 40 41 41 70 40 40
40 40 43 71 71 71
71 40
49 49 41 68 67 67 67
67 41 41 44 40 49 49
49 49 40 71 71 41 40
49 19 19 49 49 49 49
19 49 49 49 49 49 49 41
49 49 49 79 79 79 79 79
79 52 49 49 79
79 79 49 49 70 79 70
40 61 62 62 61 43
43 70 70 79 79 52 52 79
49 70 67 40 70 79 79
70 70 70 70 79 79 70
79 79 79 79
79 79 79 40 79 79
71 50 80 79 79 79
79 79 79 79 79 52 52 52
70 70 70 61 61 61 63 43 70
43 43 70 70
70 70 70 70 52 79 79 79
62 71 79 79
79 79 79 70 43 40
70 70 70 79 70 70
70 70 70 79 79 79 79
70 79 79 79 79 70
79 79 70 79 79 76 49 76 76
76 79 79 49 79 79
70 40 62 61 31 62 70 70
70 79 70 70
79 70 70 70 79 79 79 79 70
79 40
70 70 70 79 79 79 70
43 70 79 70 79 61 70
70 70 70
79 79 70 70 79 79 79 79 79
70 79 79 70 70 79 79 70
79 79 79 79 79 70 70
71 71 70 70 71 71 71 71
43 79 79 79 79 79 79 61
79 79 79 79
79 79 79 79 79 79 79 79
80 79 80 79 79 79 79 79 79 70
79 79 79 79 79 79
70 79 80 80 79 79 79 80 80
80 80 79 79 52 52 79
79 79 79 79 79 70 79
70 79 71 43 43 79 79
79 79 79 79 79 79 79
79 79
79 79 79 79 79 79 43
79 43 79 79
70 79 70 70 70 67 79
79 70 79 79 79 79
79 79 79 70 79 79
79 79 79 70 63
70 79 76 76 79 79 79
79 49 52 79 79 79 80 80
79 70 61 70 70 63
43 79 79
79 79 79 79 70 70 79
79 63 80 79 79 79 79 70
79 79 79 79 79 79 70 40
61 61 62 79 79 61
79 79 79 79
70 79 79 79 79
79 79 79 79 79 79 79 79 79
79 79 79 0 0 10 0 0
0 0 0 0 0 0 0 0
0 0 0 0 0 0 70
49 49 49 79 70 70 70
34 40 79 79 52 79 79
79 79
71 80 80 79 79 79 79
79 40 79 61 79 79 61
79 79 79 79 79 79
79 79 79 70 79
70 70 61 79 79 79 79
79 79 79
79 79 79 79 79 79 79 43
52 43 70 70 79 79 79 79 79
79 70 79 79 43
61 61 61 61 62 40
79 79 79 43 79 70 79
79 79 79 79 79 61
79 79 79 79 62 61 79 79 61
58 70 63
43 70 70 61 61 70
70 70 70 79 70
79 79 79 79 79 79 79
79 79 70 70 70 70 70
79 79 79
79 79 61 70 79 79
79 79 49 70 70 61 34 61
79 79 79 70 70 79
79 79 79 79 79 79 79
79 79 79 79 79 79 79
70 79
79 79 79 70 70 70 70
70 79 79 79 79
79 79 70 79 79 79
79 79 70 43 79 70 70 79
70 79 70 70 61 61 70
40 70 70 67
43 79 79 43 79 79 61 70
70 79 79 79
52 79 79 79 79 79 79 79
79 79 79 79 79
79 79 79 79 76 79 79 79
79 79 79 52 79 79
79 79 79 79 76 79
79 79 79 79 79 79 79 79
79 79 79
79 79 79 70 70 40 71 71
70 70 70 79 79 79 79
70 79 79 79 79 79 79
79 79 79 79 79 79 79
79 79 79 79 79 79 79 79 76
70 70 70 79 79 70 70 70 70
70 79 70 70 61 61 79 79
43 43 79 52 79 79 79
79 79 79 80 79 79
79 19 10 10
19 10 12 12 21 21 21 21
21 21 21 21
21 21 21 21 21 21 21 21
21 21 21 21 21 21 21 21 21
21 79 79 70 79 70 70
70 79
76 79 79 79 43 79 70 67
79 79 79 70 79 79 79 79
79 79 79
79 79 79 79 79 79
79 79 79 71 70 79 43
79 79 79 79 52 52 76
52 49 79 76 79 79
40 79 79 79 79 79 79 79
79 79 76 79 79 79
79 79 79 79 70 61 70 79
70 70 70 70 79 79 79 79
76 79 79 79 70 40 34 79
79 61 61 79 79 79 79 79
79 79 79 79 49 49 79
79 79 79 79 76 79 79 76
79 79 79 79 79 79 79 79
79 79 79 79 80 71 40 79 79
70 52 79 79 79 79
79 70 79 79 79 79
79 79 79 79 79 79 79 79
79 79 79 79 70 52
79 79 79 71 40 71
79 79 71 71 79 70
79 79 79 79 79 79 79
79 79 79 79 79 70
70 40 79 61 79 79 79 70
79 79 79 79 79
71 79 79 79 70 70 61 79
70 79 79 79 79
79 79 79 79 79 79 70 71
79 79 79 41
49 49 49 49 49 41 68
68 77
50 23 25 41 68 50 50
50 40 40 40
40 40 40 31 31 40
40 67 40 40 67 67
40 49 49 49 49 67
67 67
71 71 71 71 41 49 49 40 40
41 41 41
53 41 40 49 49 49 49
40 40 41 41 41 41 41
40 40 41 41 41 49 40 40
40 49 49 49 49
49 40 40 40 40 40 40 50 50
41 41 41 41 41
41 40 40 40 40 40 40
40 41 40 40 40 40 40
40 40 31 31 40 40 49 49
49 22 40 40 68 71 49 49
49 49 43 70 70 70 70
40 40 40 40
70 71 41 70 71 71 41 49
49 49 49 41 41 41 41 41
41 41 0 0 0 0
0 0 0 0 0
0 49 49 49 49 40 41 49
49 49 41 40 37 10 10 10
10 40 40 40 40 40 40
40 40 64 64 64 68 71 71
41 49 49 49 49 49 49 49 49
41 41 41 41 41 41 41
41 41 41 41 41 41 41 49
49 49 49 40 49 49
41 41 41 40 40 40 40 40
71 49 49 49 49 49 49 49
49 49 49 49 49 71 71 71
44 44 26 53 53 71 71
49 49 49 49 49 40 41 41
41 41 50 50 41
41 53 41 41 40
40 40 40 40 40 40
41 41 41 41 40 40
40 49 49 49 49 49 49
49 49 49 49 49 49 49 49 49
49 49 40 40 40 49
49 40 41 41 41 40 40
49 49 49 49 49 41 71
71 40 40 40 40 43 52 79
40 49 49 22 49 49
49 49 49 41 40 40 40
49 49 49 49 23 52
52 23
50 53 41 41 49
49 49 22 22 49 49 22
22 49
49 49 49 49 49 49 49
49 49 49 49 49 49 49
49 41 40 40 49 40 41 71
71 52
44 71 41 49 23 23 50 41 41
41 41 71 71 71 41 26
41 41 41 71 68 68 41
49 49 49 49 49 49 41 41
41 41 41 41 41 41 41 41
41 41 49 49 49 41 41 41
41 50
50 50 50 50 50 50 50 50
50 41 50 49
49 49 49 40 71 71 71 71
71 71 71 71 71 53 0
