79 79 79 79 71 71 79
79 80 80 79 79 79 79 79
70 79 79 79 79 79 79 79 79
79 79 79 79 79 79 49 49
79 70 79 79 79 79 79
79 79 79 79 71 61 62 71
71 41 71 71 71
70 70 79 71 49 49 71 71
68 76 70 70 71 52 79
79 71 71 70 79 79 40 71 71
70 70 70 70 79
79 76 67 67 76 76 76 43
43 71 71 70 71 71 71
71 71 71 79 71 70 70
70 70 70
49 49 79 79 79 79 71 41 79
79 70 70 71 71 71 70
79 70 70 70 70 79 79 79
79 79 79 79
71 19 0 0 0 0
0 0 0 0 0 0 0 0
0 0 79 70 70 70 70 70
70 70 71 70 70 70 70
67 43 43 70 70 70 70
70 70 70 79 70 79 79 70
71 71 71 0 0 0 0 0
0 0 0 0 0 0
0 0 0 0 0 0 0 0
0 0 0 0 0 0 0
0 0 0 0 0 0 0 0
70 79 79 79 79 79 71 70 61
62 70 0 0 0 0
0 0 0 0 0 0 0 0
0 0 0 0 0 0 0 0 0
0 0 0 0 0 70 70 80 71
71 71 71 71 71 70 61
61 70 70 79 70 70 70 70
70 70 70 70 70 70
43 70 70 70 70 70
70 70 80 70 70 70
70 71 71 71 71 0 0
0 0 0 0 0 0 0
0 0 0 70 70 70 70 70 70
70 79 79 79 79 79 70 61
70 79 79 79 79 79 70 70
70 70 70 79 79 70 79 79
70 70 70 70 79 79 79
79 70 71 70 70 70 79
79 79 79 79
79 79 79 79 79 79 79 79
70 43 79 79 79 79 71
79 79 79 79 79 79 79 79
79 79 79 79 79 43 80 80
71 70 79 70 70 70
70 70 70 70 70 70 70 70 70
70 70 70 70 70 70 70
61 70 70 70 70 79 70 70 70
70 70 79 79 79 79 79
79 79 70 79
79 79 79 79 79 79 79
79 79 79 79 70 70 70 70 70
70 70 70 70 70 70 70 71 71
71 70 79 79 70 70 79
70 70 79 70 70
70 70 70 70 70 70 0 0 0
0 0 0 70 70 70 79
79 79 79 79 79
79 79 79 79 79 79 79 79 79
79 79 79 79 79 70 70 70 70 79
70 79 79 79 70 70
70 70 70 70 70 70 70 70
70 70 70 70 70 70 70 70
71 71 79 70 79 70 70 70 70
70 70 70 70 70 70 79 79 79
79 70 70 70 70 70 70 70 70
70 70 70 70 79 79 70 79 70
70 79 79 70 70 70 70 70
70 70 70 70 70 70 70
70 79 79 70 70 70
79 79 70 70 70 70
70 70 79 71 49 49
79 79 79 70 71 71
80 80 70 71 71 71 71 71 71
71 70 70 70
79 79 79 71 0 0 0 0
0 0 0 0 0
0 0 0 0 0 0
70 61 61 61 70 76 80 80
80 79 79 70 70 70 79 0
0 0 0 0 0 0 0
0 0 0 0 0
0 0 0 0 0 0 0
0 0 0 0 0 0 0
0 0 0 0 0 0
0 0
0 0 0 0 0 0 0
0 0 0 0 0 0
0 0 0 0 61 70 71
71 71 70 61
70 79 0 0 0
0 0 0 0 0 0 0
0 0
0 0 0 0 0 0 0 0
0 0 0 0 0 0 0 0
71 70 71 71 71 71 79
61 61 61 70 71 68 71 71
71 79 70 70 70 70 70 70
70 79 79 61 70 61 70 70
70 70 70 70 79 79 40
71 70 70 70 70 70 70 70
70 70 70 70 70 70 70
71 70 70 70 70 19 79
70 70 70 70 70 70 70
70 70 70 79 70 70 79 79
70 70 71 71 71 71
70 70 70 70 70 70 70
70 70 70 70 70 70 70
70 70 70 70 70
70 70 70 70 43 70
0 0 0 0 0 0
0 0 0 0 0 0 70 70
70 70 70 79 79 79 79 70
76 44 67 70 49 70 79
79 71 79 79 79 79
79 79 79 70 61 61
70 40 79 70 70 70
70 70 70 70 70 70 70
70 70 70 79 79
79 79 70 70 79 70
70 62 70 70 70 70 70
70 70 70 70 70
70 70 70 0 0 0 0
0 0 0 0 0
0 70 70 70 70
70 70 79 79 70 71 71
70 43 70 79 79 79 61 70
70 70 70 70 70 70 70
70 70 70 70 71 71 71 70 70
70 70 70 70 70 43 70 79 79
70 70 43 70 70 70 70
70 70 70 70 70 70 70 67
76 76 71 71 67 67 67
70 61 31 40 67 67 67 70
71 71 71 67 71 70 70 70
70 70 70 40 40 40 40 40 31
61 43 43 70 70 70 70
70 62 43 43 70 43 61
61 61 61 61 61 61 61 31
61 61 61 70 71 70 70 70
70 79 79 70 70 62 61 61
71 71 70 70 70 70 70 70
71 70 70 70 70 70 70 70
70 70 35 70 70 70
70 70
61 70 70 61 61 70 71
80 80 71 71 71 71 70
70 70 70 70 70 70 70
71 80 80 70 70 70
70 76 71 71 71 71 70
71 71 49 79 40 40 70 70
70 70 70 0 0 0
0 0 0 0 0 0
0 0 0 0 0 0 0
0 0 0 0 0 0 0
0 0 0 0 0 0
0 0 0 0 0 0
0 0 0 0 79 76 79
71 71 71 71 79 71 70
71 71 71 71 71 49 41
67 71 71 71 71 71 70 79 79
43 58 61 61 61 61
70 70 70 61 61 62 62
62 61 70 70 70 70 70 67
70 70 70 70 70 71 71 71 71
41 71 71 71 71 71 79
79 79 79 71 71 71 70
79 79 70 71 79 79 79
71 71 70 70 71 71 70
71 70 70 79 79 70
79 71 71 71 71 71
79 70 70 61 70 70 70 70
70 70 70 71 70 70
70 70 70 70 70 71
71 71 71 71 71 71
71 70 70 71 71
71 40 70 71 71 71 71
71 79 79 71 71 71 61 58
61 70 70 70 70 70
70 70 70 70 70 70
70 70 79 79 79
79 79 70 79 79 79 79
79 70 70 70 70 79 79 79
70 70 79 70 70 70 70 70 70
70 79 79 43 70 70 79 70
70 70 70 70 79 79 70 70
70 70 70 70 70 70 70 70 70
70 70 70 70 70 70 61 61
70 80 80 40 70 70 70
71 71 70 68 70 67 67 70
67 40 49 79 79 43 79
79 79 70 70 70 70 70 70
70 70 70 79 79 70 70
71 71 71 70 70 70 70 70
70 70 70 70 70 70 70 40 70 70
79 79 70 71 70 70
79 79 79
70 71 70 70 0 0 0
0 0 70 70 70 70 70 70 70
70 70 70 70 70 70 70 70 70
70 71 71 70 70 70 79 70
79 79 70 70 70 70 70
70 70 71 71 71 70
70 71 70 43 70 70 71 70 70 80 71
71 80 80 79
49 71 0 0 0 0 0
70 70 70 70 70 70 70 70
70 70 70 70 70 70 0 0 0
0 0 0 0 0 0 0
0 0 0 0 0 0 0 0
0 0 0 0 70 61 61
61 61 71 71 71 71 71 71 71
67 70 70 70 71 71 71 70
67 70 70 61 61 70
71 71 71 61 61 70 70
79 71 71 71 71 70
70 70 70 70 71 70 71
52 52 52 79 79 79 70
70 70 70 79 71 79 79 79 70 70
79 79 71 71 71 71 71 71
71 70 70 71 71 71 71
70 70 71 70 70
70 70 70 61 70 70 70
70 70 70 70 70 70 71
71 71 71 71 71 71 67
67 67 71 71 71 71 71
70 71 71 70 40 40 40
70 70 70 43 61 71
71 70 67 71 70 70 70
71 41 71 71 71
71 71 71 71 70 61 70
70 70 70 70 79 79
71 63 71 71 79 79 79 70
52 79 79 79 71 71 79 62 70 79
79 79 79 70 70 70 79 79 79
80 71 70 70 71 71 71 71 44
71 71 70 70 70 70 70 71 71
71 71 70 70 70 70 70 70
79 49 19 71 70 79
79 70 70 71 70 70 70 70
70 70 70 71 71 71 71 71 71
71 71 71 70 79 70
79 79 70 70 79 79 79 70
70 79 79 79 79 79 79 71
79 79 79 79 79 79 70
79 79 79 70 70 70
70 79 76 67 67 71 71 70 70
70 70 70 70 70 70 71 71 71
70 70 71
0 0 0 0 0 0 0 0
0 0 0 0 0 0 0 0
0 0 0 0 0 0 0 0
0 0 0 0 0
0 0 70 70 70 40
70 70 70 70 70 70 67 67
67 64 64 67 70 70 70
70 79 79 79 70 79 79
70 70 70 70 70 79 79
71 70 70 71 71 70 70 61
70 71 71 71 71 79
43 79 79 79 79 70 70
70 70 70 70 70 70 70 70
70 70 70 70 70 70 70
70 70 79 79 79 67 71
52 79 79 79 79 79 79 79
79 70 70 70 80 79
70 79 70 43 70 70 70
70 79 70 70 70 71 71
41 40 79 70 40 71 61
61 61 61 70 61 61 61 70
71 71 79 79 70 70 70 70
70 70 70 70 79 71 70 70 79
70 70 79 79 70 79 49 49
49 49 49 49 49 71 70 79
71 71 71 71 79 52 71 70
70 70 52 52 79 70
70 70 70 79 79 79 70 70 70
70 70 70 61 61 70 71 71
71 70 70 70 70 70 70 79
70 70 70 70 61 61 70 70
70 70 61 70 70 70 70
70 70 70 70 70 70 70 70 70
70 70 70 70 70 70 70 70 61
70 62 70 70 70
70 79 70 79 79 79 79
79 79 79 71 71 49 49
49 79 79 71 71 79 52 52
79 76 70 49 49 79 79
71 71 70 70 70 70 70 70
70 70 70 79 79 76 49 79 79
79 79 71 71 70 70 70 70 71
71 71 70 70 70
70 70 70 70 70 70 70
70 70 43 43 70 70 70 70 70
79 79 79 79 71 71 71 71 71
71 71 70 79 79 79 70
70 70 70 71 71 71 71 71
70 67 44 68 68 68 68 68 71
71 49 79 71 71 79 79
79 79 79 79 79 79 70 70
71 49 71 79
71 70 70 61 61 61 70
70 79 70 70 70 70 70 64
67 70 70 70 0 0 0 0
