41 41 41 41 41 41 41 49 49 49
41 41 49 79 52
41 71 71 71 68 67 70
70 71 68 41 50 53 80
50 80 41 71
41 41 41 49 52 80 71 41 50
77 77 68 71 71 68 41
41 71 71 41
41 49 41 71 71 71 71 71
71 71 71 71 68 0 0
0 0 0 49 41 71 71
71 71 71 71 71 67 64
68 69 69 69 69 69 69 69
69 69 69 69 41
41 41 41 41 41 41 49 49
41 41 68 71 71 70 71
41 41 41 71 69 68 64 64
65 68 68 68 71 71 41 41
41 41 41 41 71 71
71 71 71 71 49
49 49 49 49 49 49 41 41 71
40 49 41 71 71 71 71 71 71
71 71
50 71 41 41 41 41 41
41 41 71
41 41 41 49 41 41
41 41
40 40 41 41 41 41 41
41 41 41 41 49 49
77 49 49 49 49 49 49 49
41 41 41 41 41
41 41 41 41 41 77 77
40 40 49 41 71 71 41 50
50 50 50 41 41 41 41 68
68 67 68 50 41
41 41 44 71 71 71 49 49
49 49 49 41
71 71 71 71 71 71 41 41
71 70 70 52 79
49 49 41 71 71 71 71
71 40 49 70
49 49 49 49 49 49 41 71
71 71 71 49 49 49
49 49 50 49
49 49 49 49 49 49 46 73
76 41 41
71 68 68 41 41 67 41 40
71 71 71 71 71 71 71 71 71
71 68 67 67 67
64 67 67 71 71 71 71
50 49 49 49 49 49 49 49 49
49 49 49 49 50 49 49 49 41
41 71 71 71 71 71
49 49 41 71 41 41
52 79 41 41
41 71 71 71 53
26 26 26 26 26 26 26 26 53
71 71 71 71 71 71 71
71 71 71 41 41 40
41 71 71 71
71 68 40
49 49 49 49 41 44 71 71
71 71
49 50 68 71 71 71
71 71 71 71
71 71 71 71 80 79 79 79
41 68 53 26 41 41 41 41
71 71 71 49 49 49 41 41
41 71 71 71
41 49 49 49 50 50 50 50
49 49 49 49 49 49 49
41 41 41 41 41 41 41
41 50 50 49 49 49 40
37 37 37 41 41 41
50 50 50 23 41 41
41 41 41 41 41 41 41 41
41 41 41 41 41
49 49 40
40 40 41 41 41 41
41 41
41 50 41 41 41 41 41
41 50 50 49 49
50 53 26 26 26 53 53
44 44
41 41 41 41 41 41 41
40 40 41 41 41 41
68 41 49 50 50 49
76 76 64 64 64
64 73 73 41 41 77 76
76 73 76 71
71 50 53 53 53 53 53
26 26 26 71
71 71 71 44 53 26 53
41 41 41 41 41
41 49 49 49 49 49
79 41 41 41 41 41 41 50
41 40 67 67 67 67 67
67 67 64
67 70 67 67 67 67 67 67
64 64 67 41 41 41
41 41 40 49 49 50 50 50
50 41 41 41 41 41 41 41
49 49 49
49 41 71 71 71 71 71
71 50 50 37 40 41 41 41
41 41 49 49 50 50
41 41 41 41 41 41 41 41 41
50 40 40 40
50 50 50 41 50 71 71 71
71 71 71 71 79 52
49 50 80 50 77 77 77
77 80 50 50 80 50
41 41 41 41 41
41 49 49 49 40
40 41
41 41 41 41 41 49 49 49 49
49 43 41 41 41
41 49 49 49 49 41 71 71
71 71 71 71 71 41
40 40 40
40 49 40 40 40 40 41 41
41 41 41 41 41 41
41 41 41 41 49
49 49 49 49 49 67 40 40 41
49 49 49 67 67 67
41 49 41 41 41 41 41 41
49 49 49
49 40 41 41 41 41
41 41 41 41 41 49 41
41 41
41 41 41 41 41 41 41
41 40 40 40 50 50 41
41 41 41 50
50 50 49 79 79
50 50 50 40 41 71 71
71 71
70 67 40 40 40 40 68 68 68
71 71 68 68 67 67 67
41 41 41 41 50
40 40 41 41 41 41 50 50
50 41 41 41
41 41 41 50 50 40 43 41 41
41 41 41 49 49 79 41
41 67 67 41 71 71 50
49 41 41 41
41 49 49 41 41 41 41 41
49 49 49 49 40 40 40
40 44 41 40 41
41 41 41 41 41 41 41
49 41 41 41 41 49
49 49 71
49 49 49 41 71 71
71 71 41 68 71 41 49
49 49
40 49 50 50 49 49 49
50 41 41 41 40 50 41
41 41 41 41 41 41
41 41 50 50 50 40 40
49 49 49 49 49 49
49 41 41 40 40
41 40 40 40 40 40
41 41 41 41 41 41 41
49 49 40
40 40 41 50 49
50 50 49
49 49 49 49 49 41 41 41 41
41 41 49
49 41 68 50 49 49
49 68
68 41 41 41 41 41 41
41 41 41
49 49 49 49 40 40 40 41 41 41
41 49 49 50 41 50
50 41 41 41 41 41 41 41
41 40 49 41 41 41 41
49 49 49
49 49 49 41 41 71 71
71 71 80 40 41 50 49
49 49 50 49 40 40
40 40 49 50
49 49 49 41 50 49 49
49 19 19 41 41 41 41
41 41 41 41 41 41 41 40 41
41 41 41 41 41 49
40 40 40 50 50 50 50
41 41 41 40 50 49
49 50 41 41 41 50 50 50
50 50 41 41 50 41 41 41
50 50 71
41 71 71 71 71 71 71
50 50 50 70
52 52 41 41 41 41 41
41 41 41 41 41 41 41 49
49 52 52 41 41 41 71
49 41 41 41 43 40 41
50 49 79 70 67 43 44 41
41 41 41 41 41 41 41
40 40 41 41 41 41 41 50 53
53 80 53 44 53 53 41
71 71 71 71 71 71
71 71
41 41 49 49 49 49
49 49 40 40 40 40 49
40 40 41 70
80 71 71 70 79
77 77 76 77 77 73
73 76 76 41 41 41 41 41
71 71 71 71 71
71 49 49 49 49 40
40 40
49 40 40 41 40
50 50 40
49 49 49 49 49 49 49
49 41 41 41 41
50 50 40 40 40 40
50 50 50 50 50 40 50
49 49
50 41 49 49 41 41 41
41 50 49 49 49
49 40 40 40 40 41 41
40 40 40 40 41 41
50 50 50 50 50
50 50 50
49 49 49 49 49 41 49 49
49 71 41 50 50 50
41 41
41 40 40 40 40 40 41
41 41 41
41 41 41 41 40 40 40 40
41 50 50 50 50 41 41
41 41 40 41 41 41 41 41 43 40
40 40 40 43 40
40 40 41 41 41 41 41 41 41
50 49 49 41 41 41 41 41
41 50 50 40 40 41 41
41 41 41 41 41
41 40 40 41 41
41 41 41 41 41 41 41 41
41 41
49 49 50 41 41 41 41 41 41
23 50 50 41 41 41
41 41 41 41 41 41 50
22 25
52 71 71 71 53 53 53
53 71 71
71 71 71 71 70 76 50
41 41 41 41 41 41
41 41 41
49 50 50 41 41 41 41 41 40
40 40 40 40 40 40
40 40 52 52 49 50
52 71 71 41 49
49 76 73 73 73
41 71 71 71 71 67 68
68 67 67 41
41 41 41 41 50 50 50 50
50 50 50 50 41 41 41 19
19 1 1 11 0 31 28
31 31 31
28 61 49 49 49 76 76 76
76 76 76 67 49 22 22
22 13 13 13 49 41 41
41 41 52 53 50
49 49 49 41 41 68 71 71 71
71 71 71 71 71 71 71
41 41 40 40 49 49 49 50
50 49 49 41 41 41 41 41
41 41
40 40 40 41 41 41 41
41 41 41 41 41 41
41 41 40 41 41 41 41 41
41 41 41 41 49
49 49 50 40 40 40
41 41 50 50 50 50 50
40 50 40 49 49 49 49
49 40 41 41 41 41 41
41 41 41
41 41 40 40 40 41
41 41 41 41 41 49
49 71 41 50 80
80 80 77 77 68 71 71 71
71 71 71 70
71 71 71 71 71 50 41 41
40 40 41 41 41 41
41 40 40 40 41
41 40 40 41 41 49 49
49 49 41 71
49 49 50
41 41 41 41 41 50 50 49 40
49 49 41 41 41 41
41 41 41 41 41 41 41 41 41
41 41 41 41 41 41 41 41 41
41 41 41 41
49 50 49 49 41 41 41 41 41
41 41 41 41 41 41
38 41 41 41 41 41 41 50
41 50 50 40 40 49 49 49
49 40 41 41 41 68 68
68 68 50 71 71 41 71 71 71
71 71
71 71 53 52 49 49 49 49
49 76 49 49 76 76 76
50 50 50 50 50 50
50 50 50 41 41 41
41 49 49 49 49 49 49 50
41 41 41 41 41 41 41
40 49 50 50 50 50 49
49 49 49 50 49
50 40 40 40 40 40 50 41
41 41 41
50 40 50 41 41
52 52 52 52 52 52 52 79 71
68 71 71 71 71 71 68
68 77 77 68 67 67 68
41 41 41 41 41
50 50 41 41 41 41 41
41 41 41 41 41 41 41
41 41 41 41 41 41 41 41 49 49
49 49 41
41 41 41 41 41 41 41 41 41
41 49 50 41 41
41 41 41 41 41 41 41 41
41 49 49 50 41 41
41 41 41 40 41 41 41
41 41 41
40 41 50 50 50
50 49 49 40 40 41 41
41 41 41 41 41 41 41 50
50 41 40 40 40 41
41 41 49
49 49 49 49 49 49 49 49 50
41 41 41 68 71 68 41
49 49 67 67 40 70
40 70 67 67 67 71
71 67
67 67 67 67 67 67 67
67 67 67 67 67 67 64
71 71 71 71 64 71 71 71 71 71
50 41 40 40 40 50 80 80 80
50 71 71 70 70
70 67 41 41 71 71
71 71 71 71 71 71 71 71
71 71 71 71
71 49 52 52 52 40 40 67 67
49 49 67 67 67 71 71
71 71 71 71 71 71 71
71 71 71 71 71 71 71 71
71 71 71 71
71 71 71 71 71 71
79 49 41 41 41
49 49 49 49 49 41 41 40 40
40 40 44 40 40 71 71
71 71 41
41 41 41 68 53 53 50 50 50
50 41
41 41 41 41 50 50 50 53
44 71 49
49 49 49 49 52 79 79 79
80 79 79 71 71 41 41
68 68 53 41 41 77 80 80 80
68 79 79 79 40 28 77
77 77 49
40 40 46 73 73
73 73 73 40
40 41 41 41 41 40 40 40 40
40 40 40 40 40 40 40 40 40
40 40 40 40 40 40 49 49
49 49 49 49 49 49 49 49 49
49 50 50 50 50 50 50 50
50 50 40 40 40 41
41 41 41 41 41
40 40 41 41 41 41
50 50 50 50 50 50 50 37 40
40 40 41 41 50 41
41 41 41 41 41 41 40 41
41 41 41 41 41 41 41 50
40 50 50 41 41 41 41
50 50 41
50 49 49 40 50
50 49 49
49 50 50 50 50 50 50
50 50 49
40 40 40 49 41 41 50 41
41 41 71
50 53 53 53 26 26 26
26 53 53 26 26
26 26 26 53 53 53 53
53 53 53 53
44 44 44 44 44 44 40
40 40 41 41
40 40 40 50 50 50 49 49 49
41 50 40 41 41 41 41
41 41 41 41 41 41
41 40 40 40 40 40 40 25
49 49 40 40 49 49 49 49
49 31 31 31 31 31 31 31 58
61 61 58 7 61 31
50 50 50 50 50 50 51
51 51 50 41 41
41 50 49 49
49 41 41 41 41 40
43 43 43 41 40 50 50
41 41 71
71 71 71 71 71 71 71 71 77
41 41 41 41 41 41 41 41 41
41 41 41 41 41
40 41 41 41 50 50
41 49 49 49 49 49 49 49
49 49 49 49 40 50
71 71 71 71 71 71
71 53 71 53 53 71
71 71 44
71 71 71 71 40 49
41 41 50 49
49 49 49 40 40 40 40 40
49 50 50 50 50 50 50 40
41 41 41 41 40 40 40
40 40 40 40 40 40
40 40 40 41
41 41 41 41 41 41
40 40 40 41 41 41 41
41 41 41 41 50 41
40 40 40 40 40 40 49 40
40 40 40 41 41 41
41 41 41 41
49 76 68 68 68 41 41 41 68
71 70 70 67 68 68 68 68 68
67 68 41 41 41
71 71 71 71 71 71 71
71 68
71 71 71 71 71 71 71
49 49 49
49 41 68 71 71 71
68 68 71 71 71 71 71 71
71 71
71 71 41 41 41 41 40 40
41 41 41 41 41 41
41 41 41 41 41 41
41 41 41
40 40 40 40 40 40 40 40
50 50 50
50 50 41 41 41 41
41 50 50 50 50 50
50 40
40 40 40 40 40 40
50 50 50 50 50 50 50 50
50 50 50 50 50
50 41 50 50 50 50
41 50 49 41
41 41 41 41 41 41 41
41 41 41 41 41 41
41 50 50 41 41 50
50 50 50 41 41 71
49 50 41 41 44 41 41
41 71
71 71 71 71 71 71 71 71
71 71 71 71 67
67 71
71 71 71 71 71 71
71 71
71 71 49 41 41 41 41
41 41 41 41 41 49
49 49 71 71 71 71 65
65 67 71 71 45 49
49 49 73 73 73 64 67 41
41 41 41 41 41 41 44 41
79 79 41
41 41 41 41 41 41
50 50 50 41 41 41 41 41
49 49 49 50 50 50
40 40 52 52 52 52 43 52
49 49 52 52 52 52 52
52 49 49
41 71 71 41 41 41 52
52 79 76 40
37 73 67 67 67 67
67 67 41 41 50 77 77
77 77 50 41 41 49
49 49 49 49 49 49 49 49
50 41 41 41
41 41 41 50
41 40 49 49 41 41 41
41 41 41 41 41 41 41 41 41
41 41 41 40 40 40 40 49
49 49 49 52 52 49 52
49 41
41 41 41 41 41 49 49
49 49 40 41 41 41 41
41 41 41 41 41 41 41 41
41 41 41 41 41
41 41 37 37 43 37 43
43 40 40 43 49 41 41
41 41 41 41
41 41 41 41 41 50 52 52 52
71 71 41 41 43 43 71
71 40 40 40
40 40 40 40 40 40 50 50
50 53 50 50 49 70 49
52 52 52 41 41 68 71 71 71
71 71 71 71 41 71 71 52
49 49 49 49 49 49 49
52 52 52 40 70 40
40 71 71 68 41 41 41
41 41 41 41 41
41 41 41 41 41 41 41 41 41
50 49 50 49 50
41 50 40 41 41 41 41 49 49
49 41
41 41 41 50 50 50 50 41
71 62 71 71 71 41 41
49 50 50 50 50 49 49
41 41 41 49 52 49
67 67 40 40 41 41 41
41 41
50 41 41 41 41 50 40 41
41 41 40 41 41
68 68 52 49 49 50 41
41 50 50 50 41 41 41 40
50 50 50 40
49 43 49 49 49 49 49
49 49 49 49 49 49 49 49 52
49 49 40 41 50 50 41
41 41 41 50 50 41 40 50
50 50 50 41 41 41 49
49 49 49 49 50 50 40 43
43 43 40 43 41 41 50
50 50
40 40 67 70 67 50 52
53 49 49 49 49 49 49
50 41 71 71 71 50 50
50 41 41 41 41 41 50 50 50
50 41 68 41 41 71
41 41 41 41 71 71 71
71 71 71 71 71 71 71
49 49 49 49 49 41 41
41 41 41 41 41 41 40 68
72 72 72 41 71 71 71 71 71
64 64 64 67 67 67 71 71
71 71
71 71 71 71 71 71 71
71 68 77 79
79 79 79 79 79 0 0 0 0 0
