68 68 41 71 71 71 80 68 71
71 71 64 71 79 79 49
71 71 68 68 68 41 41 71 50 79 76 41 71 49 49
71
71 79 68 68 71 71 71 71 0 0 0
71 71 71 71 71 71 71 49 49 41 41 41
41 49 49 49 41 41 41 41
71 71 76 49 41 71 68 68 41 49 49 50 49 43 44
41 49 40
67 67 71 53 53 68 68 68 41 41 41
41 49 49 41 41 41 41 49 49 49 41
41 41 41 41 41 41 41 41 41 41 41
41 41 49 49 41 41 41 41 41 41 41
49 40 40 49 49 49 41 41 41 49 49 41 49 41
41 41 41 41
41 68 68 68 41 41 41 41 41 76 76 71 71 71 49 49 49
71 71
71 71 71 68 68 68 41 41 41 71 41 41 41
49 49 49 41 68 68 68 68 49 40 43 44 41 41
40 40 49 41 41 41
79 79 79 80 68 68 71 71 79 79 79 79 79
79 41 41 71 71 41 79 71 71
44 79 71 71 40 40 70 70 71 71 53
53 44 68 68 41 41 71 41 71 71 71 41
41 71 71 71 71 68 71 71 71
79 50 41 71 71 79 70 80 80 71
71 70 70 70 79 79 79 79 79 79 68 71 71 71
71 71 41 71 41 41 71 71 71 79 80 40 40 71
71 71 49 49 49 41 71 71 79 79 67 70
67 67 71 71 50 71 71 71
71 68 68 68 41 41 41 41 41 41 41 40 40 49
49 49 49 41 71 71 49 50 41 49 49 41 41 41 41 41
41 41
41 41 41 41 41 41 41 41 41 41 49 49
49 49 49 49 49 41
41 41 41 41 41 49 49 49 41
41 41 49 41 41 41 41 41 41 41 41 41
41 40 41 41 49 49 49 49 41 41 40 40
40 40 41 49 49 49 41 41 41 41 41
41 40 71 71 80 68 41 68 68 71 71 71
20 41 68 68 68 71 71 79 79 79 71 71 71 71
41 41 41 71 71 71 70 68 41 41 41
41 41 49 49 41 71 71 41 41 41 41 71 71 71 71
71 71 71 71 71 71 79 79
71 71 71 71 71 71 71 79 80 71 71 71 71 71 71
71 79 79 79 68 68 68 68
68 71 71 71 71 71 79 71 71
71 71 71 0 0 0
0 0 0 0 0 0 0 0 0 0 0 0 0 0 0
0 0 0 0 0 0 0 0 0 0 0 0 0 0 0 0
