40 40 19 46 40 31 31 31
31 40 40 49 40
49 40 40 40 49
49 40 40 40
40 40 40 41 40 40
40 40 40 70 43 40 40
40 34
40 40 40 40 40 43 70 40 70
40 40 40 40 40 40 40
40 40 40 40 43 43
70 43 43 40 70
70 43 43 43 43 52 52 70 70 52
52 52 70 62 62 62 59 58
61 25 43
43 40 40 40 31 31 31 40 40
40 40 40
40 31 31 40 37 40 40 31
31 40 31 31 31 31 31
31 40 40 31 31 40
40 40 40 40 49 76 40 31
31 31 40 40 31 31 31 31
31 31 31 31 40 40 40 40
40 40 31
58 31 40 40 31 31 40
40 31 31 67 67
40 70 40 40 40 40
31 31 28 31 40 40 31 40
31 31 31 40 40 31 31
31 40 31 31 31 31
67 40 40 40 49 49 40 31
31 31 40 40 40 31 31
31 40
31 31 31 31 31 31 31
31 31 31 31 31 31 43 43 52
52 43 43 61
43 43 52 34 61 61 40 40
40 32
32 31 31 40 40 40 40
59 40 40 13 40 58
67 31 58 58 31 31 31
31 31 31 31 31 31 31
31 31 31 31 32 31 31 31
31 31 31 31 31
31 31 40
40 31 40 31 67 67
31 31 31 31
4 31 31 28 28 1 31
31 31 31 31 31 31 31 31 31
31 31 31 31 31
31 31 31 31 28 31 31 31
31 31 31 31 31 40 40
40 40 40 31 31 31 31
31 31 28 31 31 31 31
31 31 31 40 40 40 40
31 31 31 31 31 40 40
40 31 31 31 31
32 31 31 31 31 40 40
31 31 40 40 31 40
40 41 40 31 31 31
31 31 31 40 40 31
31 31 31 31 31 31 31 31
40 40 40 40 31 31 31
31 31 40 40 40 40 40 40
31 31 34 43 43 43 43
43 70 40 43 70 31
76 31 31 31 31 31
31 31 40 31 31 31
31 31 31 40 31 31
31 31 31 31 31 31 31
31 31 31
31 31 31 31 31 58 58 31
31 31 31 31 40 31
31 28 31 31 32 31
31 31 31 31 31 31 31
31 31 31 31 31 31
31 58 31 31 31 31 31 31 31
40 40 67 43 58 40 40
31 31 31 31 31 31
28 31 31 31 58 31 40 40 40
67 67 40 40 40 40 40
40 40 31 31 31 40 40 40
28 28 28 31 31
40 40 40 40 37 31 31 31
31 31 31 31 31
31 31 31 31 31 31 43
43 43 61 61 31 31
31 31 0 0 0
0 0 0 49 49 49
40 40 40 40 40 40 31 31
31 31 31 40 31 31
40 31 67 31 31 40 49 49
49 49 49 49 31
62 32 43 43 43 43 40
40 37 37 31 31 28 31
31 31 31 31 31 49 49 49
49 40 31 31 31 31
31 31 31 31 31 31 31 31
40 40
40 40 40 40 40 40 40
40 31 49 49 40
31 31 31
41 50 48 46 40 40 40
40 40 40 40 40 40
67 67 31 40 40 37 37 40
31 31 31 40
40 40 40 37 28 31 31 31 31
31 40 40 40
40 31 31 31 40 43 40 71 71
31 40 31 31 31
40 40 40 37 31 28 31 31 40 49
49 76 76 40 40 31 31
40 40 40 31 31 49 49 49
40 67 67 40 40 31 31 31
40 37 40 40 31 31 40
40 40 40 40 40 40 40 31
70 40 40 67 40 31
61 43 79 79 70 43
52 70 70 43 70 70 70 70 49
40 31 31 31 31 31 31 40
37 37 31 40 40 40 40 40
40 49 40 40 40 49
49 49 49 49 40
19 19 19 19 19 19
19 19 19 19 19
46 46 19 19 19 19 19
58 40 31 31 31 31
28 31 31
40 40 40 40 67 40 40 58
58 58 70 41 40 43 52 40
70 70 40 40 76 76 67
76 40 40 1 31 31 31 31 40
79 79
37 40 40 40 40 31 40 40 40
41 41
41 50 50 50 49 49 49 70
79 40 31 31 31 31 31
31 31 31 31 31 31 31 40
37 37 31 31 31 40 49
49 49 67 67
40 40 40 76 49 49 70
43 79 52 52 43 43
71 40 40 40 28 31 31 31
31 31 31
31 31 40 40 40 31
31 31 58 58 31 28 28 1 28 31
31 31 31 1 28 31
31 31 31 31 31 31 31 1 32
31 31 40 31 31 31 31 31
31 31 31 28 31 31 31 31 31 31
31 31 31 58 58 31 31 43
70 43 43 61 61
31 31 31 31 31 31 31
31 31 31 31 31 31 31 76 49
40 70
43 31 67 67 58 40
41 40
40 67 67 49 40 40 1
1 31 31 31 31 31
31 31
31 31 10 10 31 31 31 31
31 28 31 31
31 28 1 31 31 31
31 31 40 31 31 31 31
31 28 31 31 31 31
31 31 31 49 49 79 40 40
40 49 52 49 49 49 49 49 40
31 31 31 31 31 40 31 31 61
43 52 79 52 52 79 44 70 70 70 40
31 31 31 67 67 70 70 61
52 52 70 70 43 52 79 79 79
52 52 79 79 40 40 31
31 31 1 31 31 31 31
31 31 31 31 31 28 1 31 31
31 31 31 31 31 40 49 49
49 40 40 31 31 31
31 31 28 28 28 31 28 28 31
31 31 40 40 37 40 79
76 79 79 40 31 31 31 31
31 31 31 31 31 31 28
31 31 31 31 31 31
40 40 31 31 31 31 31 31 31
31 31 31 40 49 49 40
49 49
40 67 40 40 40
40 40 40 67 67 67
67 40 40 67 67 31
31 31 31 31 64 67
31 31 49 49 40 37
1 31 31 31 31 31 31 31 31
31 31 40 31 13
40 40 40 70 67
70 31 31 31 31 28 28 31 31 31
31 31 31 40 31 31 31
31 31 31 31 31 31
31 31 31 31 31 31 31 31 1
1 28 31 31 31 31 31 31
31 31 31
28 31 31 40 49 49 40 31
40 31 31 31 31 31 31 31 31
31 31
31 31 1 31 31
31 31 31 31 40 49
46 49 40 40 31 31 31
58 40 40 40
31 31 49 76
67 40 40 31 31 31 31 31
31 31 31 28 31 31 40
37 31 31 31 31 31 31 31 31
40 40 40 40 52 40
32 32
0 0 0 0 0 0 0 0 0
0 1 1 1 1 1 1 1 1
31 41 0 31 1 1 1
1 1 31 31 1 31 31
70 70 79 52 52 52 52 43
70 31 31 31 31 31 31
31 10 10 10 1 1 1 1
28 31 28 31 31 31
31 1 28 1 1 31 31 31
31 1 1 31 31 31 31
28 13 31 31 31 31 31
1 1 1 31 4
31 31 31 40 40 40 40 40 31
31 31 31 31 31 40 40
40 40 40 40
13 40 40 40 40 40 40 40 40 67
70 40 40 43 43 43
43 70 70 40 31 31 31
31 31 31 31 31 10 1
1 31 31 31 31 40 40 67
40 31
61 43 43 62 62 31 40 49 49
52 49 49 40 40 40
40 40
31 34 34 61 61 61 61 61 31
49 49 49 49 40 40
40 40 40 49 49 76
49 40 40 49 40 28
28 1 31
31 31 1 28 31 31
31 31
28 28 1 1 1 1 31 31 31
31 31 31 31 31 31
31 31 31 31 31 28 28 28 31
28 28 28 28 28 31 28
31 31 28 28 28 28 31 28
40 31 31 31 31 31 31
31 31 1 31 31 31 31
31 40 49 49 76 49 49 40 40
40 49 70
70 40 37 28 28 49
76 40 67 40 67 70
40 71 71 70 70 70 61
70 67 67 40 71 40 43 17
43 43 58 40 40 1 4 1
31 31
31 31 31 31 28 31 31
31 40 49 46 46 46 49 40
31 31
40 49 76 76 76 49 40 40
40 40 67 67 67 40 52 52 79
43 40
40 22 40 41 70 52 40 70 70
70 70
49 49 37 1 1 1 31
31 1 31 28 31 28 28
31 31 31 31 31 31
31 40 76 49 49 43
43 49 67
43 70 70 70 43 43 67 70
31 31 31 31 31 31 31 31 31
31 31 31 31
31 31 31 31 31 31 31
1 28 1
28 28 1 1 28 28 1 28
31 31 40 31 31 31 31
31 31 31 31 31 31 28
28 31 31 31
31 31 31 28 31 31 31 40
31 31 31 31 31
49 49 43 70 40 40
40 31 31 31
31 31 1 1 31 31 31 31 31
31 31 31 31
31 40 40 43 40 71 43
58 31 40 71 40 70 70
67 67 67 31 31 1
31 31
31 31 31 31 31 31 31
31 31 31 31
31 31 31 40 19 19 19 19
19 31 31 31 31
40 49 40 67 49 22 76
76 40 40 40 37
31 31 31 31 31 28 28
31 31 31 31 31
31 1 28 28 28 31 31
31 28 31 40 40 31
31 28 28 28 31 31
31 1 31 31 31 31 28
1 1 28 28 1 31
31 31 31 31 31 28
31 31 31 31 10 10 10
10 10 31
1 28 31 31 31 31
40 40 40 40 31 31 31
31 31 31 41 41 31 31
40 13 67 40 67 13 40 67 70
70 67 67 40 40 58 31
31 58 31
46 49 49 49 49 52 49 49
31 1 28 31 28 31 31
31 40 40 40 31 31
40 43 43 79 70 70
52 52 52 52 61 58 58 58 58
58 58 58 61 71 80 71
61 61 61 62 62 70 70 70
0 0 41 38 38 38 38 38
41 41 41 41
31 31 31 31 31 31
31 31 31 31 13
