80 79 79 79 79 79 79 79
79 79 80 52 52 79 80 80
0 0 1 1 -59 1 1 0 0
0 11 1 1 11 1 1 21
0 79 79 79 79 79 79 79
79 79 53 52 79 79 80 79 53
79 79 52 79 79 79 79 79
80 79 79 79 79 52 79 79 79 79
80 79 49 49 49 79 79 52 79
79 79 80 79 79 79 79 79
79 79 80 53 53 51 79
79 80 80 79 49 49 50
49 49 40 49 49 49 79 79 79
79 79 0 0 0 0 0 0
80 80 80 70 70 0 0
0 0 0 0 0 0 0
0 0 0 0 0 0 0 16
16 16 43 79 79 79 79 79
80 0 0 0 0 0 0
0 0 0 0 0 0 0 79
49 43 40 0 0 0 0
0 0 0 0 0 0 0
0 0 0 0 0 0 0 0
0 0 0 0 0 49 79 80
0 79 79 79 79 79 19 20
20 0 0 0 0 12
0 0 0 0 0 0
0 0 79 79 80 80
0 0 0 0 0 0
0 0 0 0 0
0 0 0 0 0 0 0
79 79 79 79 0 0
0 0 0 79 79 79 79
43 43 43 43 49 79 79 79
79 0 1 1 0 0 0 0
0 0 79 79 79 79 79 79
79 79 0 0 0 0
0 79 79 79 79 79
79 79 79 79 79 79
49 79 79 79 79 79 79
49 49 49 49 49 79
79 79 79 79 79 0 0
0 0 0 0 0 0 0 0
0 0 0 0 79 79 79 79
79 52 52 52 52 52 80
79 79 79 0 0 0 0 0
0 0 49 49 76 70 70 79
0 79
79 79 79 79 79 79 79 79
80 52 52 49 80 49
51 51 50 47 48 48 47 50
50 49 49 49 50 0 0 0
0 0 0 0 40 79
52 43 43 43 43 0
0 70 79 80 80 49 49 49
79 79 0 0 0 0
0 79 79 80 81 53
50 53 0 80 0
0 0 0 0 0 0 0
0 0 0 -119 -119 -119 -89
-89 -119 -89 0 0 0 0 0
0 0 0 0 0
0 0 0 0 0 0
0 79 79 79 79 79 79 0
0 0 0 0 0 81 0 0
0 0 0 0 0
0 79 79 79 79 79
79 79 79 79 79 79
79 79 79 79 79 79 79 79
79 79 79 79 79 79 79
79 79 79 79 79 79 79 79 79
79 79 79 79 79 79 79 79
79 79 79 79 79 79 79
79 0 0 0 0 76 76
79 79 79 79 79 79 79 79
0 0 0 0 0 0 0 0 79
0 0 1 0 0 0
0 10 79 79 79 79 49
0 0 0 0 0 0 0
0 0 0 0 0 0 0 0
0 79 79 79 79 79 79
52 79 79 79 79 80 79
79 54 79 79 79 79 79
79 79 52 52 52 53 52 79
79 79 79 80 79 79 80
79 0 0 0 0 0 0
0 0 0 80 79 79 79
79 79 0 0 0 0 0
0 79 0 0 0
0 0 0 0 0 1 1 0
0 0 79 79 0 0 79
79 79 79 79 79 79 52 79
79 79 76 79 79 79 79
79 0
0 0 0 0 80 79 79 80
0 0 0 0 0 79 79 79
79 0 0 0 0 79 79
80 79 79 79 79 79 79
79 79 79 79 79 79 79 79 79 79
79 79 79 79 79
79 79 79 79 79 79 79 79
79 79 79 79 79 79 79 79
79 79 79 79 79 79 79 79
76 77 76 77 77 79 79 79 79
79 79 77 77 79 77 79 79 79
79 79 79 79 79 79 79 79
79 79 79 79 79 52
79 79 79 52 79 79 79 79
79 79 79 79 79 52 81
80 80 79 79 25 25 79 79
79 79 79 79 79 79 79
43 79 79 79 79 79 43 43
43 52 43 79 79 79 80 79
79 43 43 43 43 52 79
80 79 79 79 79 52 52 79
79 79 79 79 52 79 81 80
79 79 80 79 79 79 79
79 79 79 79 79 80
80 79 79 79 79 52 54 79 79 79
79 79 79 54 79 79 79 79
53 79 79 79 79 79 79 79 79 79
43 43 43 43 79 43 43
79 43 79 79 79 79
79 79 79 79 79
43 79 79 79 79 52 79 79 79
79 79 79 79 79 52 52 43
43 43 79 79 79 79 79 79 79
79 79 79 79 79 79 79 79
79 79 79 79 79 79 79
79 79 79 79 79 79 79
79 79 79 79 79 79 79
77 79 79 79 79 79 79 79 79 79
79 79 76 76 76 1 19
19 0 0 0 0 0 0
0 0 0 0 0 0
0 0 1 1 1 1 1
1 79 79 79 79 79 79
79 79 79 79 79 79 79
79 76 79 76 79 79 79
79 79 79 79 79 79 79 0
0 0 0 0 0 0 0 0
0 0 0 0 0 0 0 0
0 0 0 0 0 0
0 0 0 0 0 0 0 0 0
0 0 0 0 0 0
0 0 0 0 11 0 0
0 0 0 0 0 0 0
0 19 21 0 1 1 1
0 1 2 2 2 0 0
0 0 0 0 0 79 43 43
43 43 79 79 79 79 79 52
52 43 43 43 43 43
79 79 79 79 79 76
79 76 79 79 79 79 79 79
79 80 79 79 43 52 79
43 52 43 19 0 0 0 0
0 0 0 0 0 79
49 80 80 79 79 79 79 52
79 79 79 79 79 79 79
79 79 79 79 79 43
43 43 52 52 52 43 13
13 13 40 25 25 25 52
52 79 52 52 79 79
80 79 0 0 0 0 0 0
0 0 0 0 0 0
1 1 1 1 1 1 1
1 1 79 79 70 79 79 79
70 70 70 79 79
79 79 79 79 76 79
79 79 79 79 79 79 79 79
79 79 79 79 79 79
79 79 79 79 79 79 79
79 79 79 79 79 79 79 79
79 79 79 79 79 79 79
79 79 76 76 79 79 79
79 79 79 79 79 79 76
79 79 79 79 79 79 79
79 79 80 79 79
79 79 79 79 79 79 79 79
49 79 79 79 79 79
79 79 79 79 79 79
79 79 79 79 79 79 79 79
79 79 79 79 79 79 79 43 43
79 52 52 43 43 79 79 79 79
79 79 79 79 79 79 79 49 79 79
79 79 79 79 79 79
79 79 79 79 79 79 79 79 76
79 79 79 79 79 79 79 79
79 79 79 79 79 73 79
79 79 79 79 79 79 79 79
79 77 79 79 79 79 79 79
79 79 79 79 79 79 79 79 79
80 79 52 43 52 52 43 43
79 79 79 79 79 79 79
79 79 79 79 79 79
79 79 51 43 43 43 43
43 43 52 79 79 79 79
79 79 79 79 79 43
43 43 43 79 79 79 79 79
79 79 79 79 79 79 79 79
52 52 79 79 79 79 79
79 79 79 79 79 79 79 79
79 79 79 79 0 0 0 1
0 0 0 0 0 1 0
0 0 0 0 0 0 0 0 0
0 0 0 0 0 0 0
0 0 0 0 0 1 1
1 0 79 79 79 79 79 79 79 79
79 79 79 79 79 79 79 79
79 79 79 79 79 79 79 79
79 79 79 79 79 79 79
79 79 79 79 79 79 79
79 79 79 79 79 79 79 79
79 79 79 43 79 79
49 49 52 52 79 79 52 79
43 79 79 79 79 43
79 79 79 79 79 79 79 79
43 43 43 16 49 13 79
79 79 43 43 52 79 52
52 79 52 52 79 79 52 79
79 79 79 79 40 43 79 49 49 79
49 79 79 79 79 79 79 79
79 79 79 79 79 79 79 79
81 79 79 79 43 43 43 79
79 52 79 79 79 79 52 79
43 52 52 79 79 79 79 79 79
79 79 79 79 43 43 79 79 79
79 43 43 79 79 79 49 49
