71 79 79 70 71 71 41 41
68 70 70 70 68
50 79 79 70
76 76 71 71 71 71 70
67 71
41 68 71 71 71 41 41 49 79
79 70 67 67 67 41 71
67 41 41 53 41 71 71 71
71 71
71 71 71 71 71 71 71 71 70
40 40 40 71 71 71 71
71 71 0 0
0 0 19 49 41 71 71
71 71 71 71 68 64 64
68 68 68 71 71 71 71 71
71 71 71 71 71 71
44 41 44 71 71 71 80 71 71 71
71 71 71 71 71 71 70
53 53 53 44 44 44 53 26
26 26 53 71 71 71 71 71
71 71 71 71
71 71 71 71 71
71 71
49 49 49 70 71 70
70 76 70 70 70 70
41 41 40 49 49 49
67 64 64 64 64 64 41 41
41 49 49 49 70
49 79 49 79 76 49 70 70
50 80 71 71 68 67 67
67 70 67 70 70 67
67 67
79 49 76 67 43 43 79
41 41 41 41 41 41 49
49 49 49
76 67 67 68 68 41 41 41 41
49 49 49 79 79 49
41 41 41 68 68 41 41
41 41 50 50 80
40 40 31 31 40 50
71 71
40 40 70 70 49 67 67
67 67 67 67 64 64 64 67
67 67 41 41 41 41 41 49
49 40 41 41 41 71 49
49 49 49 49 49 49
40 49 40 49 49 40 40
40 40 40 67
40 67 68 68 68 41 67 41
41 41 71 67 67 68 41 71 71
71 71 71 50 50 50 80
53 70 70 70 70 49
71 68 71 67 70 70
70 67 67 43 52 80 71
71 67 67 40 40 67 64
67 49 80 40 40 70
68 71 71 40
40 70 70 68 68 68
71 71 71
49 40 40 67 70 67 67 71 71
40 40 40 71 71
67 67 67 71 71 41 71 71 40
70 70 70 70 67 40
67 70 40 40 70 70
50 68 71 71 50 50 50 68 80
80 50 50 80 71 71 44 44 71
71 71 70 79 76 40 40 71
70 79 49 49
70 71 71 71 40 40 40
40 40 40 70 70 70 70
67 67 70 67 67 70 70 70
71 71 71 71 80 80 49
70 70 70 41 41 41 71 71 49
40 67 67 70 70 49
79 79 67 70 71 50
49 79 79
40 49 49 49 49 49 49 79 49
49 40 67 68 68 68
68 68 68 71 70 70 40 41 71
50 50 43 40 40 67 40 79 79
50 77 68 71 71 71 40 40 70 70
50 53 80 71 79 70 79
79 71 71 71 40 40 67 70
49 70 40 70 71 71 40
70 70 70 70 44 49 41
41 41 71 49
50 41 71 52 50 80
50 78 42 45 80 71 71 50 77
68 80
40 40 40 40 40 40 40 40
70 68
67 67 67 67 67 67 67
67 67 67 68 41 41 40
49 71 71 68 68 71 68 68
71 71 77 50 50 50 40
40 40 40 40 40 40 40 40 50
50 50 50 50 50 50
53 53 53 80
40 40 40 40 40 40 40 40
71 71 68 64 64 64 64 64
64 67 67 67 67 67 64 67 67 67
67 76
50 77 77 68 71 67 67 41
41 41 44 71 50
50 50 80 80 71 71 71 71 71
71 80 50 50 50 50 71 71 80
53 53 50 50 50 71 71 71
71 71 71
67 67 37 67 67 67 64 67
67 67
49 49 41 71 71 71 71 68
41 40
70 70 70 49 49 76 41
41 44 44 71 40 67 67 67
67 67 67
70 53 50 50 71 71
71 71 71 71
79 49 49 49 79 79 77 71
71 71 68 68 68 71 70 49
50 50 80 53 50 50
80 80 50 71 71 49 49
70 70 70 70 49 49 49 71 80
76 71 71 71
68 40 37 67 67 67
67 71 71 71 71
49 49 49 49 49 49 49 79
79 76 46 46 46 49 71 71 71
71 71 71 71 71 71
49 49 49 49 49 79 70
70 70 71 71 71 41 50 50
80 67 67 70 70 70 70
76 67 70 71 71 50
79 70 40 70 71 41 41
41 67 67
71 71 49 53 53 71
71 71 49 79 79 49 49
40 40
67 70 40 49 79 79 49
41 68
71 71 71 71 71 67 76
68 71 71 71 71 71 71
49 49 79 70 52 79 79 71 76
61 61 61 80 81 79 79
79 52
79 79 71 71 71 70 70 70
70 76
71 71 71 71 71 40
40 40 70
67 71 67 70 67
70 67 67 67
70 70 77 71 71 68 68 68
71 67 67 41 71 71
71 67 44 50
71 71 53 53 53 53 71 53 50
50 50 50 50 50 50
40 70 71 67
67 70 70 49 49 79 79 71
71 71 71
40 40 40 40 40 67
80 49 49 40 40 40
70 40 40 40 40 70 40
79 79 76 49 49 49 49 73
73 73 71 71 71 70 70
70 71 49 40 79
79 49 79 70 71 71 71
71 71 67 70 41
41 41 71 40 40 40 40 70
76 49
79 71 71 71 67 70 71
67 71 71 71 71 71
79 79 79 71 71 71 40
41 40 67 67 67 71 71
71 32 32 32 32 70
70 70 67 67
67 70 71 67 67 67 67 67
70 80 50 50 41 71 50 49
79 49 49 80 70 79 41
71 71 71 71 71 50 50
71 71 49 79
80 50 49 49 49 67 70 67
70 71 49 79 49 79 79
76 53 53 71 71 50 71
71 71 71 71 80 40 41
40 40 70
70 71 70 79 80 80 71 80 41
40 76 71 71 71 80 80 80
67 67 71
71 71 41 41 41 41 50 79
79 50
51 81 81 81 50 51 51 51 81 81
80 80 71
71 71 70 70 70 67 68
71 71 71 71 77 80 80
80 53 50 80 71
71 40 52 52 79 52 79 79 79
71 71 41
67 67 67 70 70 70
41 41 41 41 41
41 40 40 40 41 71 71
71 71 71 71 71
80 79 52 41 41 71 71
41 41 49 49 50 71
71 71 40 40 70 70 70
41 41 40 49 76
49 49 49 50 50 80 80
80 80 50 50 50 81 80
71 71 40
70 70 70 70 67 67 70
70 71 71 67 67 49
49 49 49 49 49 49 49 49
76 71
71 70 70 49 52 52 49
49 49 50 50 50 80 80 71 50
50 50 77 50 50 50 50 70 70
49 49
49 40 70 70 70 71 49
79 79 76 67
68 71 71 41 71 77 49
40 67 70 49
71 71 71 49 49 49 71 71 71
71 71 71 71 71 80 50
50 70 70 67
64 64 67 67 67 64 64 64
64 64 64 67 71 70 67
44 44 53 54 54
71 71 50 50 80 80
68 71 41 40 67 40
50 50 50 80 80
53 71 50 50 50 50 53
50 50 80 53 53 53 77 40 40 40
40 71
71 68 41 41 50 81 81
51 81 81 71 71
50 50 50 50 50 51 51 42
51 51 19 49
50 50 50 50 50 50
77 77 50 67 40 40 40 40
40 40
40 40 67 40 49 50 68 71 71
71 71
71 71 80 79 80 50
50 67
67 50 50 50 63 63 68 62
71 67 67 70 67
67 71 67 70 70 67
67 67 70 67 70 67 67 76
76 71 44 44 41 71 49
49 49 79 71 71 71 71
70 70
80 50 50 80 80 70 71 71
71 70
76 67 41 41 41 41 71
71 71 40 40 40 71 71 79
79 79 49 41 41 41 41 40
40 40 40
40 40 40 70 70 40
49 49 49 49 64 64
65 46 46 49 49 49 71 41
41 40 40
40 40 40 40 70 67
40 49 50 49 49 40 76
70 68 41 49
49 70 70 70 67 70 70 70 40
40 67 67
67 67 67 67 64 64 64
64 41 40
40 40 40 67 67 40 40 40
67 67 67
67 70 67 64 64 64 41
71 68 67 41 40
67 67 67 49 49 49 73
46 46 46 19 49 49
40 37 64 49 49
40 40
40 40 40 40 70 70 67 37
37 49 49 41 71 71
41 40
67 40 49 49 76 67 67
70 67 70 70 40 40 40 40 49
50 50
50 49 67 49 67 67 67 70
70 40 40 79 49
49 49 49 49 67 67 68
71 71 41 67 67
68 76 76 76 76 76 79 70 79 79
79 67 76
40 40 40 49 49 40
40 40 37 37
40 40 67 67 67 67 67 41 41
50 50 50 50 50 50 50 50 50
50 77 77 68
71 71 71 71 67 67 40
40 40 40 71 67
71 70 70 70 77 77 68
50 78 51 51
50 71 68 71 71 67 70 79
79 71 71 80 76 70 70 67
71 71 79 79 79 70 71
71 71 71 40 70 70
70 76 70 70 70 40
40 40 67 67 67 67 40 40
31 58 67 67 68 67
71 50 80 80 80 80 50
81 71 71 71 71 67 67
67 70 70 67 40 40 67
67 67 40 76 68 71
71 53 50 50 49 76
70 80 53 53 53 53 53 53 71
71 71 50 77 77 71 40
43 70 40 40 70 70 70
71 71 71 71 71 40 40
70 71 70 70 40
70 70 70 70
49 71 71 70 40 40 40 58
58 67 67 71 71 71 71 71 71
67 67 67 67 70 70 70 71 71
71 76 49 49 76 76 76
70 67 41 71 71 71 71 71
71 49 49 49 76 49 79 70 70
71 71 77 80 80 50
71 71 40 40 49
49 49 49 49 49 49 49 76 76
49 49 19 46 49 49
49 41 41 41
70 70 43 71 71 71 49
79 49 79 79 71 71 0 0
80 79 79 79 79
79 79 79 79 79 79 79 79
79 79 79 79 79 79 79 79
79 79
79 79 79 79 50 50 49 52 79
79 67 40
40 67 49 71 70 49
49 79 79 80 80 50
70 71 71 71 71 49 49 49 76
79 49 50
50 71 71 68 71 71 71 71
49 49 49 79 71
79 79 76 76 49 49 49 50
71 71 71 71 71
71 70 71 41 41 71 49 80
80 79 52 79 79 79 71
41 41 71 71 50 71 79
76 76 76
71 53 76 79 79 52
79 67 67 67 67 67 67 67
67 70
76 76 73 67 67
67 71 71 49 49 49
79 79
79 79 71 71 49 52
49 49 79 79 67
40 40 67 67 70 70 79 50 50 50
50 50 50 71 71
49 70 70 70 67 40 43 43
67 67 40 40 68 71 70 67
68 40
40 70 40 70 70 70
79 76
68 71 41 41 68 49 50
49 68 68 40 67 70 70 77
71 71 71 71 71 71 71
50 41 50 50 41 68 41
50 50
50 50 50 67 67 71 71
71 71 71 71 71 71 41
71 71 71 71 71 71 67
41 71 71 71 71 41 41 41
44 50 50 50 80 53 53 53
77 71 71 40 40 40 70 67
70 71 50
49 49 49 49 50 50 50 50
40 70 70 70 71 71
49 49 49 49 50 49 49
49 70 49 49 49 49 49
79 70 40 70 43 50
49 49
80 71 71 41 76 76
79 68 71 71 68 71 71 68
40 64 64 64 71 71 71
71 71 71 70 40 49
68 71 71 71 40 40 70 70
55 31 31 58 31 31
31 31 20 20 20 20 20
20 20 20 70 70 79 79
79 40 40 40 40 40
40 40 40 40 40 70
40 41 71 71 40 40 70 70
70 70 67 67 67
40 71 71 71 71 71 71 70
43 40 43 43 43 71
50 50 50 50 50 50 71 71 71 71
71 71 41 41 41 41 41 71
71 70
70 70 67 70 70 40 70
40 70 67
67 67 67 70 70 40 40
40 40 40 40 70 50
50 49 52 52 50 77 53
77 71 80 68
68 68 68 50 50 51 50
50 50 50 71 53 53
50 68 68 40 40 40
40 43 71 71 43
40 40 40 40 40 40 40
40 67 67 70 70 70 50
50 50 68 68 68 68 68
69 69 68 68 50 19 19
49 49 41 44 68 71
71 71 68
71 71 53 50 71 53 50 50
53 80 80 71 77
68 71 49 49 49 70 70 70
49 52
79 68 68 71 71 41 49 79
79 79 79 79
79 79 79 71 71 71 67
70 67 67 71 71 71 71
41 71
71 40 71 71 40 41 71 71 71
40 40 40 40
40 70 71 40 43 40
40 40 40 40 80
80 50 50 50
71 71 71 77 68 77 80
50 80
80 80 50 40 40 40 40 71 50
50 50 53 50 40 40
40 31 67 77 71
71 71 71 71 68 77 68 71
71 77 77
72 71 71 71 71 71 71 71
79 79 49 79
41 71 71 71 71 71 71 71
71 71 49
49 49 41 41 41 41 37
37 40 40 68 71 71 44
41 41 52 49
49 52 53 80 53 41 41 41 41
41 41 71 71 71 71 71
71 71 71 71 71 71 71
71 71 71 71 71 71 71
49 49 41 71 71 71
37 40 71 71 71 71 71
0 0 0 0
