40 76 79 79 71 71 71 49
79 79 70 71 70 70 79 70 70
70 41 71 71 79 79 79
70 70 79 79 79 79 49
79 79 70 70 70 70 71
71 70 0 0 0 0 79 79
79 79 79 79 79 70 70
43 50 79 71 71 79 79
79 79 79 79 79 79 79
79 79 79 79 79 79 79 70 79 79
79 79 79 71 71 71 79
79 79 70 40 79 79 79 79
79 70 70 70 70 70 71 71 71
70 70 70 70 71 70 70
70 70 70 70 79 79 79
70 70 70 70 70 79 79
70 70 49 79 79 70 70 79
70 79 79 79 79 79 79 79
70 70 70 70 70 70 70 70
70 70 70 70 70 70 70
70 79 79 70 70 79 79
70 70 70 70 70 70 70 79
79 70 70 70 70 70
79 70 0 0 0 0 0 0
0 0 0 0 0 0 0
0 70 70 70 71 71 70 79
70 71 79 71 71 71 79 70
70 70 79 79 79 70 71 70 79
0 0 0 79 79 70 79 79 0
0 0 0 0 0 70 40 70 70
71 79 49 49 79 79 79 79 79 79
79 79 79 79 79 79 79
70 70 79 79 79 79 79 79 79
70 70 79 79 79 79 79
79 79 79 79 70 71 79
79 0 0 0 0 0 79 79
79 79 79 79 79 79 79 79
79 79 79 79 79 79 79 79
79 79 79 79 0 0 0 0
0 79 49 79 79 79
79 79 79 79 70 79
79 79 79 79 79 79 70
79 79 71 50 50 70 70
79 79 79 79 79 79 0
0 0 0 0 79 79 79
0 0 0 49 79 79 79
70 70 79 80 79
79 70 71 70 79 71
79 79 70 70 49 79
70 52 52 52 70 79
70 70 71 71 70 70 71
0 0 0 0 0 0
0 0 0 0 0 0
0 0 49 49 49 79
70 70 79 79 79 79 70
70 70 70 71 71 80 71
70 70 79 79 70 79 70 0 0 0
0 0 0 0 0 0 0
0 79 71 71 70 70
70 70 71 70 70 70 71
70 79 79 79 70 79 79
79 79 79 79 79 49
79 79 79 79 79 79 79 79
71 70 79 79 79 70 71 70
70 70 71 79 70 71 71
76 79 70 79 70 71 71 71 71
79 79 70 79 70
71 71 79 79 70 70 79 79 70
70 70 79 79 79 79 79
79 79 79 79 79 79 79 79
79 70 79 79 79 79 79
79 79 79 79 79 79
79 70 70 79 79 79 79 70
70 70 79 79 79 79 79 79 79
79 79 79 79 79 79 79 79
79 79 79 79 79
79 79 70 70 79 70
79 79 70 70 79 79 79 70 79
79 79 79 79 70 79 79
79 79 79 79 79 79 79
79 79 79 79 79 79 79
79 79 70 70 70 70 70 70 70
70 70 70 70 70 70 70 70
70 70 70 79 79 79
70 70 79 49 79 79 79
79 79 70 52
70 79 79 79 76 76 76
67 70 70 70 70 79 70
79 70 70 70 70 70 70 70 71
70 70 70 52 79 79 79 79
79 79 79 79 79 79 79
70 70 70 70 70 79 79 79
79 70 70 70 70 70 70
70 79 79 79 79 70
70 70 79 79 79 79 79 79
71 70 70 79 79 79 70
49 49 79 70 70 79 71
70 70 49 49 49 49 49 49
76 49 40 40 40 0 40 40
40 40 0 0 0 0 0 0
0 0 0 0 0 0
0 0 0 0 0 52
79 70 79 79 79 79 70
79 79 79 52 79 79 79 79 79
79 70 70 70 43 43 70
71 70 0 0 0 71 71 71 79
79 79 71 70 70 0 0
0 0 0 0 0 0
0 0 0 0 0 0 0 0
0 0 0 0 0 0
0 0 0 0 0 0 0 0
0 0 0 0 0 0 0 0 79
70 70 70 71 70 79 79 79
76 70 79 79 79 79 79
79 70 70 52 79 79 70
79 70 79 70 79 0
0 0 0 0 76 79 79 79
71 79 79 70 71 79 71 70 70 70
70 79 70 70 79 79
79 79 79 79 79 79 79
70 70 70 70 79
70 70 79 70 79 67
79 79 79
70 71 71 71 79 79 79
79 79 70 70 70 70 70 70
79 79 79 79 80 80 79
79 70 79 79 79 70 79
70 70 79 76 70 70 70 70 49 67
79 79 70 79 79 79
79 79 80 71 71 76 76 70
70 79 70 79 79 79 70
70 70 79 79 79 70
61 70 79 79 79 71 80 80 79
79 79 79 79 70 79
79 70 70 79 71 70 79
79 79 79 79 70 79 79 79
70 71 79 79 79 70 79
79 79 49 79 79 71 71 79
79 79 70 79 79 79 79
70 79 79 79 79 49 49 49
71 49 49 79 79 79 71
67 49 76 79 70
70 79 49 79 79 0 0
0 0 0 0 0 80 71 71
71 71 79 79 70 79 70
79 79 79 79 79 70 79
79 79 49 49 49 50
79 79 49 79 79 70 70 70
70 71 79 70 70 76
76 79 67 70 70 70 70 70
70 70 70 70 70
71 71 71 71 79 71 71
70 70 79 71 70 79
79 79 61 61 61 61 61 70
79 79 79 79 70
79 79 70 70 70 71 70 70 79
79 79 79 79 79 79 79
79 70 70 70 70 79 79 70
79 70 79 79 79 70
70 70 79 79 71 70 70 79 79
79 70 70 79
79 79 79 79 79 79
79 79 79 79 79 79 79 79
79 79 79 79 79 79 79 79 79
79 79 79 79 79 79
79 79 79 79 79 79 79
79 79 79 79 79 79
79 76 79 70 71 71 79
71 79 79 79 79 79 70 70
70 71 79 79 79 79 52 52
52 52 52 52 70 76 76
76 79 49 79 79 79 79 79 79
79 76 79 79 79 79 79 79
79 79 79 79 79 79 70
79 70 79 79 79 79 79
79 79 70 70 79 76 76 76
71 71 70 70 79 79 79 70
49 79 71 79 79 49 49
71 71 79 79 79 79 71 71
79 79 79 79 79 70 79 79
79 76 76 79 79 79 79 70 70
71 49 49 49 71 71 71
71 79 71 70 49 49 76
76 79 67 79 70 70 79
49 79 79 79 49 79 79
70 79 71 79 79 79 79
79 79 79 71 70 70 79 80 80
79 79 80 80 80 80
79 79
79 79 79 79 79 79
79 71 70 79 79 79 79 79
79 79 49 49 79 79 70
70 70 71 79 49 79 79
49 49 79 70 79 49
49 79 79 49 79 79 79
79 79 79 70 70 70 70 79
