49 49 52 79 79 79 79
79 49 52 52
49 46 73 73 76 76 76 79 76
76 76 79 76 79 79 79 76
79 79 79 79 70 67 67 79 79
79 76 79 79 79 79
79 76 76 76 76 76 77 77 77
77 76 79 79 79 52 52
52 52 79 70 70 70
70 52 79 25 25 25 25
25 25 25 25 25 25 25 25 52
43 70 79 79 52 52 52 52
52 79 70 79 79 71 71
71 71 70 76 76 76 76 76 76
79 79 79 80 77 77
77 77 77 76 76 76
76 76 76 79 79 79
79 52 61 61 61 61 61 61
76 76 76 58 61 61 61 79 61
79 76 76 76 76
76 79 76 79 79 79 79 76
76 76 77 80 80 80
76 79 79 76
76 76 79 79 79 79
79 79 79 79 79
79 79 79 79 79 79 79
76 76 77 79 79 79 79 79
79 79 79 79 76 76 76
76 79
79 79 79 79 79 79 79 79
79 76
77 77 79 79 79 79 80 80 79 79
79 76 76 79 79 79
79 76 80 50 81 80
80 41 41 71 71
52 79 79 79 79 79
79 78 78 79 79 79
80 77 77 77 80 79
79 80 80 80 80 79 79
80 81 54 80 80 80 80
76 76 79 79 79 77 81
80 80 70 79 79 79 79
79 79 79 79 79 79 79 77
77 77 77 77 78 78 72 71
71 80 77 80 79 79 79
79 76 79 79 79 79 76 76
76 76 79 79 76 76 79 79 79
79 79 71
76 79 79 79 80 80
79 79 79 80 79 79 79 79 79
79 79
76 76 79 79
76 76 79 76 76 79
76 76 76 76 79 76
76 79 79 79 76 76 79
79 79 79 76 79
79 79 76 79 76 76
76 76 80 77 79 79 79
79 79 80 79 79
79 79 79 76 79 79
79 76 79 79 79 79 79 79
79 79 79 79 79 79 79
73 73 73 73 73 76
76 76 79 79 79 80 79 79
79 76 76 79 79 79 79 79
79 79 79 79 79 76 76
79 76 79 79 80 79
79 79 76 79 79 79
76 76 76 79 79 76 80
77 79 79
73 73 73 73 76 76 76 76 49
49 79 71 71 70 70 70 61 58
58 61 61 70 70 70 67 70
70 70 70 70 58 67 64 64
64 58 64 67 64 67 67 61
61 61 58 61 61 61 61
70 43 70 52 52 79 79
52 52 79 79 79
79 79 79 79 79 70 71 49
49 52
51 51 81 79
79 79 79 79 79 79 79 76
76 79 79 79 76 76 79 79
79 79 79 79 79 79
76 79 76 79 79 79 79
79 79 79 79
79 79 79 79 76 76 77
80 76 76 79 79 79
79 79 79 79 79 70 70
40 34 70 70 70 79 79 79
76 79 70 79 79 79 79 79
79 79 79 61 61 61 70 70
70 70 79 79 79 79 79
76 76 76 79 79 79 76 76 76
76 79 79 79 79 79 76
79 79 79 61 61 79
79 79 79 79 79 79 79 79
79 79 79 79 79 79 79
52 25 52 52 52 52 79 79
79 79 76 76 76 76 76 76 76
76 79 76 76 79 79 79
76 79 79 79 79 79 79 79 79
79 76 76 76 76
76 76 76 79 79 79 76 76
73 79 79 79 79 79 79
79 79 80 80 80 79 79 79
79 79 79 76 79 79 79
79 79 76 79 79 70 70
79 79 79 76 73 76 76 76
76 76 76 76 73 73
73 73 76 76 76 73 73 73 73 73
73 73 73 73 73 73
52 52 52 52 52 52 79
79 52 79 79 52 79 79
79 79 79 79 79
79 52 25 25 52 52 25 25
79 79 79 79 79 43 43 79
79 79 49 79 79 79
79 79 79 76 76 76 73
79 79 79 79 76 76 76 79
76 79 79 79 79 79
76 73 73 73 79 79 79
79 79 79 76 79 79 79 79
76 76 73 79 79 73 79
79 76 76 79 76 79
79 79 79 76 76 77 81 81
81 78 81 81 78 77 79
79 79 79 79 79 79 79 79
79 79 79 79 79 79 79 70
70 79 76 79 79 79 76
79 79 79 76 79 76
76 76 79 79 79 79 79 79
76 76 79 79 79 79 79 79
77 76 79 76 79 79 76 79
79 79 79 79 79 76 79
79 79 79 76 79 79 79 79
79 79 79 49 79 79
79 79 79 79 79 79 79 79
79 79 79 79 61 61
67 76 76 76 76 76 76
76 76 79 79 79 70 76
76 76 76 76 70 76 76
79 76 79 79 76 76
76 76 76 79 76 76 76
76 76 76 76 76 79 76
76 76
76 70 79 76 76 79 76 76 76
76 79 70 70 61 76
76 79 79 79 79 79 79 79 79
76 76 76 76 76 79
79 79 80 79 79 79
79 80 80 80 79 79 79
79 79 79 51 51 79 76 76
76 76 79 79 76 76 79
79 76 79 79 79 79 79 79 76
76 79 79 79 79 79 79 79
49 19 79 79 79 76
76 79 79 76 79 76 79 79 79
79 79 79 79 79 40 79 79 79
79 79 79 79 79 67
70 70 70 79 70 79 79 79
79 79 79 76 76 79
79 71 76 76 79 80 71 70
49 49 79 79 79 76
79 79 79 79 76 76
79 79 79 76 76
79 73 73 76 73 73 73 73
79 73 73 73 73 73 73
73 76 76 76 76 73
76 76 76 79 79 79 79
79 76 73 73 73 73 73
73 73 73 76 79 79 79
79 79 79 79 79 52 79 79
79 79 79 79 79 79 79 79
79 79 79 79 79 79 79 79
79 79 79 79 79 79 79 79 79
52 52 79 79 52 79 79 79
79 52 79 79 79 79 79 79 79
79 79 79 79 79 79
79 79 79 79 79 79
79 79 79 79 79 79 79
79 79 79 79 79 79 79 79
79 79 79 79 79 79 79
79 79 79 79 79 79 79 79
79 79 79 79 79 52 79
79 79 79 79 79 79
79 79 79
52 79 52
52 52 25 25 25 79 79 79 79 79
79 79 79 79 79 79 79 79 79
79 79 79 79 79 79 79
79 79 79 79 79 79
79 79 79 79 79 79 79 79 79
79 79 79 79 79 79 79 79
79 79 79 79 79 79 79 79
79 79 79 79 79 79 79 79
52 52 52 79 79 52 79
79 79 79 79 79 79 79
79 79 79 79 25 52
79 79 79 79 79 79 79
79 79 79 52 52 52 52
79 79 79 79 79 79 79
79 79 79 79 79 79 79
79 79 79 79 79 52
79 80 70 71 52 71 71 52
52 52 52
70 52 52 79 79 52 52
52 52 52 52 52 52 52 52 52 52
52 52 52 79 79 52 79 79
79 79 79 25 79 79 79
79 79 79 79 79
79 79 79 79 79
79 79 79 79 79 79 79
79 79 79
79 79 79 79 79 79
70 70 70 70 70 79 79 79
79 52 52 52 52 79
79 52 79 79 79 79
79 79 79 52 52 52 79
79 79 79 70 70
70 70 70 70 43 70
70 43 43 43 43 71
70 70 71 79 70 80
52 80 80 80 79 79 79
79 79 79 79 79
79 79 79 79 79 80 80
79 79 79 79 79 79 79 79
52 52 79 52 79 79 79 79
79 79
79 79 79 79 79 79 79 79 79
79 79 79 79 79 79 79
52 79 79 79 79 80 79 52
79 52 79 79 52
79 79 79 79 79 79 79
79 79 79 79 79 79 79 79
79 79 79 70 70 70
79 79 79 79 79 79 79
34 61 34 34 34 61
61 61 43 79 52 79 79 52 79
79 79 79 79 79 52 70 70
70 70 70 70 70 70 70
70 70 79
79 52 52 52 79 79 79
79 79 79 79 79
79 79 52 52 52 52 79 79
79 79 79 52 52 79
79 79 79 79 79 79 79 79
79 79 79 79 79 79 79 79
79 79 79 79 79 79 79 79
79 79 79 79 79 79 79 79
79 79 79 79 79 79 79
79 79 52 79 79 79
79 79 79 79 79 79 79
79 79 79 79 79
79 79 79 79 79 79 79
79 79 79 79 79 79 79
79 79 79 79 79 79 79
79 79 79 79 79 79 79
79 79 52
34 34 34 31 34 31
34 70 70 70 70 52 79
79 79 79 79 79 79 79
79 79 52 52 79 79
79 79 79 79 79 79 79 79
79 79 79 79 52 79 79
79 79 52 79 79 79
52 52 79 79 79 79 52 52
52 52 79 52
79 79 79 79 79 79
52 52 52
52 79 52 79 79 79 79
79 79 79 79 52 52 52 79
79 79 79
52 52 52 52 79 79
79 79 79 79 79 70
70 70 70 70 52 79 52
52 52 52 52
79 52 52 52 52 79 79
79 79 79 52 79 79 79
70 52 79 79 79
79 79 79 79 79 79 79 79
79 52 52
79 79 79 25 52 79 79 79
79 79 79 79 79 79 52 52
52 79 79 79 79 52 52
79 79 52 52 52 70 52 79
79 79
79 79 79 52
52 79 79 79 79 79 52 52
79 79 79 52 79 79 79
79 79 79 79 79
79 79 79 79 79 79
79 79 79 79 79 70 70 70
70 70 79
79 79 79 79 79 79 79 79 79
79 79 79 79 79 79 79
79 79 79 79 52 52 79
79 79 79 79 79 79
79 79 79 61 70 70 70
43 79 79 79 79
52 52 52 52 79 70 70
79 79 79 79 79 79 79
79 79 79 52 79 79 79 79
79 79 52 52 79 70 70 70
70 79 79 52 52 52 52 79 79
79 79 79 79 79 79 52
52 79 79 79 79 79 79
79 79 79 79 79 79
79 79 79 79 79 79 79
79 79 79 79 0 0
