49 49 49 49 50 49 71 71 41
50 41 41 50 51 10
19 10 10 40 41 71 71 71
71 71 71
71 71 71 79 79 79 49 41 41
41 41 41 77 71
40 41 71 0
49 49 49 41 41 71 71
71 71 71 71 71 71 68
68 65 68 62
62 71 71 72 72 72 71 71
72 68
41 41 41 41 41 41 70 79 41 41
41 71 71 71 70 70 71
71 71 71 71 71 71 70 71
67 64 65 68 71 71 71 71
71 71 71 71
71 71 71 41 79
70 41
71 71 71 71 71 71 71 71 71
71 71 49 49 49 49
71 71
71 49 49 49 49 41 41 71 71 71
71 71 71 71 71 71 71
71 71 71
40 40 40 40 40 49 71 71
68 50 68 41 41 42 68
70 67 64 64 68
71 71 41 68 69 69
71 71 71 71 71
0 0
71 49 49 41 41 49 49 49
49 49 49 49 49 49 67 67
68 41 68 67 64 64 67 67 67
67 41
71 71 71 71 71 71 71
71 41 49 49 49
49 49 49 50 53 44 50
71 71 71 71
71 71 71 71 71 71 71 71 71
71 71 71 71 71 71 71
71 71
49 49 49 49 49 49 50 41 71
71 71 71
71 68 41 49 49 49 49
49 49 41
41 41 41 41 49 49 49 49
49 41 41 71 71 71 71
71 71 71 71 71 71 71 71
49 49 49 49 49 49 49
41 71 71 71 71
71 71 71 71 71 44
44 44 53 26
26 26 26 26 53 44 41 41
41 49 40 40
40 40 40 40 49 49
68 68 41 41 41
41 41 41 67 50 41 71 71
71 71 71 71 71
43 43 43 41 68 41 41 53
26 26 26 26 26 53 41 41 71
71 71 71
37 46 49 50 41 41 71 71 71
71 71 71 71 71 41
41 40 40 67 67 67 41
41 41 41 41 70 71 49 49 49
49 49 49 71 71 71 71
71 71
65 65 65 50 41 41 67
40 40 41 41
41 41 70 71 71 71 71 71
71 68 49 49 49 49
49 49 79 49 49 40 67 40
68 68 41 68 67
67 70 70 70 50 41 41 49
49 70 70 49
40 71 71 49 50 50 50 50
77 68 71 67 40 40 40
40 49 49 41 41
41 41 49 49 49 49 49 41
71 71
68 70 71 70 68 68 71 71 71
70 70 67 67 67 67 40
67 40 40 41 41 41 49
40 76
49 49 70 49 49 71
67 67 67 68 68 71 71 67 64 64
64 64 64 64 64 41
41 41 41 41 41 41 41
41 41 50 50 50 14 41 41 41 41 41
40 41 41 41 68 41 49 49 40
41 41 41 67 67 67 67
67 67 67
67 67 40 41 68 68 41 49
49 49 49 49 49 49 41 68
41 41
67 67 67 67 68 68 71
41 71 71 71
71 71 71 41 49 49
40 52 49 76 77 73 76
76 76 68 41 71 71 71 71 71
71 71 71 71 41 50 50
41 49 49 49
49 76 64 67 50 41
71 71 71 71
71 71 71 68 68 41 41
41 49 49 49 41
41 49 41 71 71 71 71 71
71 71 71
71 71 53 53 44 44 71
71 71 71 71 71 70 67 68
68 41 41 41 41 41
41 41 41 41
41 41 41 41 41 41 41 41 41
41 41 41 41 41
41 11 11 41 71 68 41 41
41 71
71 71 71 71 71 71
49 49 49 79
49 49 49 41 71 41 67 64 67
67 64 64 67
64 67 64 67 40 40 40 40
40 40 40 41 41 41 41 41
41 41 40
40 40 40 40 40 41
41 41 40 40
40 40 40 40 40 40 49
40 40 40 40 40 22 25
16 43 43 71 71 41 41
50 49 49 50 41 71 71 71
71 71 71
68 41 37 67 67 40 49 49 49
49 41 49 49 49 76 76
49 77 41 41 41 41
49 71
71 71 71 71 71 71 71
71 71 71 71 49 49 49
49 49 49
49 49 49 49 49 49 40 40 41
41 41 41
41 41 43 67 67 67 70
70 70 70 70
70 41 41 41 40 40 40
40 49 76 79 52 49 49 68
49 49 68 68 50
47 49 50 50 50 50 50
76 73 76 76
77 68 68 71 68 65 68
68 41 49 49 49 49 49 49 49
68 41 49 49 49 49 49 40 40
70 70 70 70 71 71 49 49 49 49
49 49 49 49 49 49 79
79 79 71
41 49 49 49 49 49 49 70
49 49 49 41 41 71 71 71
67 64 64 67 68 71 71 44
44 44 44
44 44 44 44 44 44 44 71
71 71 41 49 40
40 67 70 40 40 40
41 49 41 40 49 49 49
40 40 40
40 40 40 37 37 41 41 49
77 77 77 77 77 71 71 71
68 67 67 67 70 68
68 41 41 41 41 41 41 41
41 41 41 41 41 41
41 40 40 40 40 41 41 41
41 41
41 50 40 40 50 50 40 50
50 53 53 79
79 68 71 71 49
49 41 49 49 49 76 41 41
68 71 71 71 49 49 49 49
49 76
76 76 76 76 76 76 76 77
77 77
77 74 77 76 76 76 77
77 77
77 77 77 79 76 76 76
76 76 76 77 78 69 42
77 77 77 80 26
80 80 80 53 44 44
80 71 71 71 53 53 52 43
43 43 49 49 49 49 41 71
71 71 49
49 49 77 49 40 40 40
64 67 67 68 68
41 50 50 53 50 50 50
50 41 41 41 41
71 49 49 49 76 76 76 67
67 41
41 41 41 68 67 67 67 40
40 41 41
49 52 49 40 70 40 41 71
71 71 71 71 71
71 71 71 71 40 70 70 70
49 49 49 49 76 79 76 41
41 71 71 71 71 71
71 41 41
50 49 49 76 76 49 49
76 76 73 73 73 76 76 76
70 71 70 70 67 67 76 80
79 79 79 79 79 76 40
68 49 76 76 49 76 67
76 76 76 76 73 73 67 70 70 70
70 70 40 40
70 70 79 70 70 70 70 40 40
40 68 49 49 43 43 43
79 49 49 49 41 41 40
40 40 67 67 70 40
43 67 64 64 67 67 40 40
76 76 76 50 71 71 71
71 68 67 40 37 67 67 71 68
64 67 67 50 53 80 80 53
50 53 50
41 41 41 42 68 68 41 31
70 70 52 52 52 52
79 71 41 49 49 49 49 49
49 49 49
41 49 49 49 41
40 40 40 40 40 43
43 52 52 49 49 49 49 49 49
49 49
49 49 49 49 49 49 41 41
41 41 41 40
40 40 40 40 40 76 49 76 41
49 49 43 43 43 70 70 40
40 37
37 41 41 41
41 68 68 41
41 41 71 71 71 71 71 71
53 44 44 44 44 49 49 49
49 49 49
41 50 41 71 68 41 49
49 79 79 79 79 79
68 50 49 49 49 49 49 41
41 41 41 41 41 41 41 41 41 41
41 41 41 41 41 41 41 41 41
41 41
41 40 40 41 41 41 41 41 41
41 41 41 41 41 41 41 49 49
49 49 49 49 49 49 49 49 49
49 49 76
52 52 71 71 71 71 76 76
49 41 41 71 71 71 71 71 71 71
49 76 49 49 49 49 41 68
41 41 71 71 71 71 71 71 62
62 62 62 62 71 71 77 50
40 40 37 40
41 71 71 71 71 71 71 71
41 41 49 49 49 49 49 49
68 41 68 41 41 41 49
49 49 49
40 49 49 49 49 49 41 41
41 43 43 40 49 41 70 70 68
68 67 77 50 40 40 40 40 40
40 50
41 40 40 40 40 68 68 68 50
40 40 40 40 67 76 76 76 40
40 40
41 71 71 71 71 49 49
49 49 49 49 22
22 40 40 40 40 43 70 67 64
64 64 64 64 64 64 68
76 76 76 43
44 71 49 77 40 41
40 50 41 41 41 71 71
41 41 41 41 41 41 41 40
49 49 41 41 41
41 41 41 41 41 41 49 49 49 49
40 41 50 49 49 41 41 41 41
41 41 41 41 41 41 41
41 41 41 41 79 79 70 79
79 79 79 80 53
41 71 41 41 41 40 67
64 64 64 76 76 49 79
79 71 71 71 71 71 71 71
71 52 49 49 50
71 71 41 49 49 76
76 76
76 49 49 49 50 50 50 50
50 49 49 50 50 41 41 68 68
68 68 68 49 40 67 67 64
64 64 64 64 64 64 49
50 23 23 23 23 26 26 26
49 19
19 46 46 46 46 46 46 37
37 37 37 64 68
68 67 64 67 67 42 71 71
53 26 26 26 26 26 26
26 53 53 53 53 53
53 23
22 22 22 41 41 68 74 68 41
41 68 68
68 41 44 44 71 53 53 52 43 43
43 43 64 64 64 64 64
73 73 73 73 73 73 64 64 64
73 73 41 41 41
41 49 49 49 41 71 71 49
40 40 41 41 71 71 71 71 71 71
71 71 71 49
49 49 49 49 76 76 76 73 73 71 71
71 71 71 49 49 49 76 76 49
41 71 71 71 71
41 41 41 40 68 68 68 71
49 49 49 49
49 76 49 49 71 71
41 68
38 41 41 41 49 49 49
49 41 41 41 41 41
41 41 40 49
49 49 49 49 40 40 49 43
49 49 43 40
40 40 49 43 49 49 41 41
41 41 41 40 67 76
67 70 70 71 71 52 52
52 79 79 79 76 67 67
67 41 41 68 41 41 49 49
49 49
49 71 71 71 67 70 70
70 70 67 67 64 64 67 67
67 67 67 71 71 71 71
41 49 49 50 50 50 50 41 44
41 49 49 49 52 49 49 49
77 77 76 76 76 67 49
41 68 41
41 41 70 70 44 41 41 41
41 31 31 31 31
40 41 41 41 41 41 41 41 41
41 41
41 41 41 41 41 41 41 41 41
41 41
40 41 41 41 41 40 49 49 49 49
40 41 41 41 41 41
41 41 41
41 41 41 41 41 41 41 37 37
37 37
41 41 41 41 41 41 41 40 40
40 40 40 40 40 40 40 40
40 40 40 41 41 41 41 40
40 40 40
40 40 49 49 49 49 49 49
50 50 50 50 50 50 50 50
50 41 49 49 49 52 71
71 71 71 68 67 70 70 41
41 49
49 76 76 76 74 68 71 71 49 49
49 41 71 71 71 71 71
71 71 71 71 67 40 49
70 79 79 68 71 71 77 77
79 79 79 41 41 41
41 41 41 41
40 76 49 49 49 49 40 49
49 49 49 49 49 40
41 41 41 41 41 41
41 40 40 43 40 49 46 73
73 76 73 41 41 41 68
68 41 41 41 40 40 41
49 49 49 49 43 50 52 43
40 71 71 71 68 68 68 68 68 41
41 41 41 68 71
68 67 67 67 68 71 71
68 71 68 41
41 41 41 41 41 68 41
41 41 41 41 41
41 40 40 40 40 40 40 40
40 40 40 40 40 40 49
49 49 43 40 41
41 40 49 49 40 40 49 50 50
50 50 49 49 41 41 49 49
49 41 41 41 41 49 49 71
71 71 68 68 67 67 40
40 40 40 49
41 79 49 41 41 40 79 79 49
49 68 71 71 71 71 71 49
49 49 76 71 71
71 71 71 71 71 50
41 71 41 41 41 49 49 40
40 40 40
40 49 41 41 41 50 41
40 40 40 40 40
40 40 40 40
40 40 41 49 49 49 49 49
49 49 49 49
49 50 50 50 50 41 49
49 71 71 71 71 71 71
71 68
68 68 68 71 71 68 67
67 67 67 67 67
67 64 64 64 80 80 80
80 80 80 80 80 80 77 77 79
79 79 80 53 53 53
53 80 80 80 80 53 53
53 53 53 53 53 44 44
44 44 44 44 44 71
71 44 44 44 53 53 44
44 44 44
44 44 44 44 44 44 44 53
53 53 53 71 71 71 53
26 53 53 80 53 37
40 31 40 41 71
41 68 68 68 68 71 71 67
67 41 41 41 40 40
40 40 40 41 41
41 41 41 41 41 41
41 41 41 41 41 41 40
49 49 41 49 49 49 49
49 49 41 41
40 40 40 40 40 41
67 67
76 41 41 40 49 49
49 46 46 76 76 67 67
64 64 67 68 68 76 67 64
37 37 67 64 64 64 41 41
41 40
41 41 41 41 41 41 41 41
41 41 41 41 41 41 41
40 40 40 40 49
41 41 71
71 71 71 41 50 41 41
41 41 41 41 41 41 41 41
40 41 41 41 41 41 41 41
41 41 41 41 40 68
67 67 67 67 67 67 67 64 64
37 67 68 41 41 41 41 41 68
67 67 41 41 71 71 71 71 71 71
49 49 49 49 79 79 79 49
49 79 79 79 76 73 74 77 77
71 71 71 71 71 71 71
71 71
41 41 49 49 49 49 49 41 68 71
71 71 71
71 71 71 71 71 71 71 71
71 71 49 49 49 49 49
76 68 68 68 68 68 41 71
71 71 79 79 76 73 73 64 67
41 71 71 71 71 71 71
71 71 68 68
70 70 79 49 79 79 79
79 79 79 79 0 0 0
