79 79 79 79 79 79 79 79
79 79
79 79 79 79 79 79 79
79 79 79 79 79 79 79
79 79 79 79 79
79 79 79 79 79 79 79 79
79 79 79 79 79 79 79 79
79 79 79
79 79 79 79 79 79 79 79 79 79 79
79 79 79 79 79 79 79
79 79 79 80 79 79 79 79 79 79
79 79 79 79 79 79 79 79 79
79 79 79
79 79 79 79 79 79 79 79 79
79 79 79
79 79 79 79 79 79
79 79 79 76 79 79 79
79 79 79 79
79 79 79 79 79 79 79 79 79
79 79 79 79
79 79 79 79 79 79 79 79
79 79 79
79 79 79 79 79 79 79
79 79 79
79 79 71 80 80 79 79 79
79 79 79 79 79 80 80 79
79 79 79 70 79 79 79 79 79
79 79 79 79 79 79 67
67 79 70 70 70 70 79 76
79 79 79 79 79 79 79
79 79
79 79 79 79 79 79
79 79 79 79 79 79
79 79 79 79 79
76 79 79 79 79 79 79 79 79
79 79 79 80 80 80 80 80 79
79 79 79 79 79 79 79
79 79 79 79 79 79 79
79 79 79 79 79
79 79 79 79 79 79 79
79 79 79 79
79 79 79 79 79 79 49 76
79 79 79 79 79 79 79 79 79
79 79 79 79 79 79 79
79 79 79 76 79 79 79
79 79 79 79 79 79 79 79
79 79 79 79 79 76 76 76 76
76 79
79 79 79 79 79 79 79 79 76 79
80 79 79 76 79 79 79
76 79 79 79 79 79 79 79 79
79 79 79 79 79 80
80 80 79 79 79 80 79
71 79 79 79 79
79 79 79 79 79 79 79
79 79 79 79 79 79
79 79 79 79 79 80
79 79 79
79 79 79 79 79 80 80
79 79 79 79 79 79 79
79 79 79 79 79 79 79 79
79 79 79 79 79 79
79 79 49 49 79 79 79
79 79 79 79 79 79 79 79
79 79 79 79 79 79 79 79
79 79 79 79 79 79 79
79 49 49 79 79 79 79
79 79 79 79 79 79 52
76 76 73 76 76 76
73 73 73 76 76 79 79
79 79 79 79 79 79 79
79 81
79 79 79 79 79 79 79 79 79
79 80 79 79 79 79 79 79
79 79 79 79 79 79 79 79
79 79 79 79 80 79
79 79 79 79 79 79 79
79 79 79 80 80 79
79 79 79 79 79 79 79
79 79
79 79 79 79 79 79 79 79
79 79 79 79 79 79 79 79
79 79 76
79 79 79 79 79 79 79 79
79 79
79 79 79 79 79 79 79
79 79 79
79 79 79 79 79 79 79
79 79 79 79 52 79 79 79
79 52
52 52 52 52 80 80 79
79 79 79 79 79 79 79 79 79
79 79 79 79 79 79 79 79
79 79 79 79 79 79 79 79 79
79 79 79 79
79 79 79 79 79 79
79 79 79
79 79 79 79 79 79
79 79 79 79 79
70 70 70 70 79 79 79
80 71 79 80 80 80 79
79 80 54 81 80 80
79 79 79 79 79 79
79 79 79 79 79 79 79
79 79 79
79 79 80 79 79 79 79
79 79 79 70 76 79 79 79 79
70 79 79 79 73 76
79 79 79
76 79 79 79 79 79 79
79 79 79 79 79 79
76 79 79 79 79 79 79
79 79 79 79 79 79 79
79 79 79 79 79 79
79 79 79 79 79 79
79 79 79 79 79 79 79 79
79 79 79 79 79
79 79 79 79 79 79 79
79 79 79 79 79
80 80 79 79 79 79 79 79
79 79 79 79 79 79
79 79 79
79 79 79 79 79 79
79 79 79 79 79 79 80 79
79 79 79 80 80 79 79
79 79
79 79 79 79 79 79 79 79 79
79 79 79 79 79 79 79 79 79 79
79 79 79 79 79 79 79 79
79 79 79 79 80
80 80 81 79 79 79 79 79
79 79 79 80 79 79 79 79
79 79 79 79 79 80 79
79 79 49 49 79
79 79 79 79 79 79
79 79 49 49 49 49 49
49 79 79 76 79 79 52 25
19 19 25 19
48 51 54 81 78 78 78 81 80
79 79 79 79 79 79
79 79 80 71 79 79 79 79 79
49 49 79 79 79
79 80 80 80 79 79 79
79 79 79 79 79
79 79 79 79 80 79 79
79 79 79 79 79
80 79 79 79 79 79
79 79 79 79 79 79
79 79 79 79 79 79 79 79 79
79 79
79 79 79 79 79 79 79 79
79 79 79 79 79 79 79 79
79 79 79 79 79 79
79 79 79 79 80 79 79
79 79 79 79 79 76 76 76 79
79 79
79 79 79 79 76 79 79
79 79 79 79 79 79 76
79 79 79 79 79 79 79
79 79 79 79 79 79 79
79 79 79 79 79 79 79 79 79
0 0
