79 49 49 49 49 49 49 49 49
49 49 49 49 40 40 40 40
40 67 67 67 67 67
67 77 80 77 77 77 77 77 77
41 71 71 71 71 71 71 71
68 67 67 77 77 77 80
79 77 76 79 76
80 44 41 71 71 71 71
68 71 71 71
0 0 19 19 41 71 71
71 71 71 71 68 68 68
67 68 67 68 68 67 67 67
71 71 71 71 71 71 41
41 41 41 41 70 79 79 79 71
71 71 70 71 71 67 68 76
76 76 76 50 50 50 50
50 50 50 77 77 77 79 79
79 79 79 79 79
41 71 71 41 79 79
79 79 79 79 79 79 49 41
71 71 71 79 79 79 79 70
67 70 43 79 79 79 70 52 52 49
49 49 40 40 70 40 41
41 71 71 71 71 49 49 79
79 70 71 49 79 52 52
79 79 79 49 68
68 41 41 79 49 79 71
71 79 79 79 79 79 79
79 79 79 67 67 68
71 71 71 71 71 49 49
49 50 50 50 50 53 80 41
41 76 76 76 76 76 49
76 76 49 40 70 70 70 70
41 80 70 70 40 70 70
70 70 70 76 49 49
49 49 64 64 64 64 73 76
76 67 74 50 76 76
76 77 77 73 73 73
73 73 73 73 76 49 49 49
49 40 40 49 40 67
40 40 40 40 40 40 40 67
67 67 67 67 49 49 71
71 71 71 71 49 79 49
41 41 41 70 70 70 70 0
0 0 0 0 0
0 0 0 0 0 0 0 0
0 0 0 0 0 0 0 0
0 0 0 0 0
0 0 53 53 53 44 44 71
71 43 52 52 79 80 71 71
71 71 41 40 40 40 40 40 40
40 50 50 50 81 81 81 80 80
80 79 79 79 79
41 41 71 71 71 71
71 71 79 79 79 40
31 31 67 71 71 77
77 77 77 77 77 77 77 51
51 69 72 72 77 80
80 80 52 52 52 52 52 52
52 52 52 52 52 52 52
77 41 41 41 41 41 41
67 67 70 76 76 79 79 68
68 79 79 79 79 79 79 79
49 49 49 49 50 68 68 68
49 49 49 40 40 40 40 49 49
49 49 50 49 49 49 49
49 40 40 40 1
1 1 1 1 1 31 41 40 49
49 49 49 49 49 49 49 49 49
49 76 76 76 50 50 50
41 41 41 41 41 41
41 41 41 43 43 50 50 50
50 50 50 77 77 77 77 76
76 76 76 76 76 50 71 71
71 77 77 80 80 80 80 80 50
41 41 41 71 71 71 71
71 71 50 50 80 80 80
67 70 67 68 68 68
49 19 19 19 19 19 19
19 19 19 19 19 11 19 19
19 19 19 46 47 47 47 46 50
41 41 49 49 49 49 49 49
79 76 76 76
70 73 73 73 73 73 73
73 73 73 73 49 49 49 49 50
49 49 49 46 49 40 40 73
73 77 41 41 71 71 41
79 76 64 67 67 67 67 76
67 64 64 76 40 40 40
40 40 41 41 41 50 79
79 70 70 70
50 53 53 80 40 40 40 70 70 70
76 76 76 79 73 73
73 73 73 73 73 64 64
73 73 73 73 73 73 73 73 73
64 64 73 41 41 41
41 49 49 49 49 49 77
43 43 40 40 40 41 41
41 50 77 77 76 76 67
71 71 71 71
68 79 70 70 76 49 49
52 79 79 64 64 64 76 76 76 76
76 76 79 80 80 80 80 53
53 80 80 80 80 79
79 79 71 71 71 49 49
41 71 71 71 71 67
67 76 79 77 50 49 0
0 0 0 0 0 0 0
0 0 0 0 0 0 0 0 0
0 0 0 0 0 0
0 0 41 41 71 68 67 67
67 67 76 79 79 76 76 76
76 77 71 71 71 68 71 70
70 77 50 50 41 41 41 41
41 50 50 70 70 70
71 79 79 70 70 70 70
70 70 71 70 70 70 70 49
71 40 71 71 71 70 70
70 70 71 71 71 71 71 71 71
53 26 26 26 26 26 26
53 53 53 53 53 26 26 26
26 53 53 80 80 80 80
80 80 80 41 41
71 71 71 40 67 40
79 79 71 71 71 71 71 71
70 0 0 0 0 0 0
0 0 0 0 0 0 0 0
0 0 0
0 0 0 0 0 0 0 71
71 71 71 71 71 71 71 71
71 79 79 79 79 79 79 71 71
71 68 68 62 62 62 62
61 61 62 62 61 70 49 79
79 79 49 71 71 41 41
71 71 41 41 49 49
49 49 40 70 70 70 70
70 79 79 49 49 19
19 19 73 73 73
73 73 73 73 73 79 79 79
79 79 79 79 79 79
79 67 67 67 71 71
71 68 69 72 72 77 49
49 49 49 40 79 79 79
79 79 79 76 76 76 76
76 76 41 41 71 71 71 71 71
71 71 71 40 49
49 49 49 67 68 77 80
77 80 50 50 77 80 70
70 70 70 70 70 49
79 71 71 71 71
71 71 79 76 76
67 76 71 71 71 71 49 79
79 79 79 79 79 79 49 49
49 49 67 67 40 71
71 71 71 71 71 71
67 79 79 79 79 79 70 49
49 49 52 52 71 67 64
64 64 64 64 67 67 41
41 41 79 79 79 79 79 79
79 41 79 79 76 49 49 79
79 70 79 49 50 71 71 71
71 79 79 79 79 79 49
79 79 79 70 70 70
70 79 70 70 70 41 71
71 76 64 64 64 64
64 76 76 76 76 77 79
79 77 77 77 77 77 68
71 71 71 74 41 41 41 41 71
71 71 71 70
71 49 49 49 80 40
70 70 70 70 70 70 50 41
41 41 41 71 71 71 80 71
71 71 71 71 67 70
70 70 70 70 70 70 70 71
70 70 80 80 80 80 80 80
71 71 71 71 71 71
71 41 41 41 71 71
71 49 52 68 71 71 71 71
10 10 10 10 10 0 0 0 0
0 0 19 0 19 19 1 10
20 41 41 71 71 71 71 71 71
71 71 71 71 71 71 71 71
71 71 71 71 71 71 71
71 71 71 71 41 71 71
49 49 76 49 49 49 49
71 71 71 68 50 81
80 80 80 77 68 41 49
49 49 76 76 76 68 41
71 71 71 71 71 71 71 41 71
70 70 71 71 80
80 80 80 76 76 76 76 49
76 70 40 49 70 70 79 79
79 79 79 50 51 51 54
80 80 80 80 80 80
80 80 80 76 79 79
79 79 79 79 79
79 79 71 70 41 41 41
71 68 68 70 70 70
70 70 70 67 67 67 67
67 67 64 64 64 64 73 73 73
73 68 80 77 77 77
77 77 77 77 77 77 77
80 79 79 79 79 79 76
76 76 79 49 49 76 49
49 71 71 41 70 71 71
68 68 71 70 41 41 40
67 67 67 67 67 67 67 67
67 67 49 49 49 76
76 71 80 80 71 41 41 50 50
41 0 0 0 0 0
0 0 0 0 0 0 0 0 0
0 0 0 0 0 0
0 0 0 0 76 46 49 49
79 79 79 79 79
41 71 71 71
71 50 80 53 54 54 53
50 40 40
67 40 40 40 40
40 80 80 40 40 40 40 40
40 50 50 50 50 50 50 50 79
79 79 79 50 68 41 41
41 67 67 67 67 67 67 67
71 71 41 50 50 51 51
51 51 80 71 71 71 76
73 73 73 73 73 73 73 73 73
80 80 80 80 80 80
71 79 79 79 41 41
41 50 50 71 80 80
50 41 41 41 50 50 53 53
53 53 53 79 80 71
41 41 41 49 79 79 79 79
79 79 43 7 7 7 7
34 34 34 34 43 71 52
41 68 71 71 44 53 80 53 53
53 80 80 80 80 53 26 26 53
53 53 71 71 71 71
71 67 67 67 64 67 67
67 68 71 71 71 41 52
49 49 79 71 71 71
41 41 71 71 71 71 71 71 0 0
