77 76 76 76 76 76 77 77
77 77 77 77 77 77 77
77 77 77 77 77 77 50
41 41 41 71 71 71 70
70 70 70 70 71 70 49 49
49 52 79 79 79
70 70 70 70 70 79 79
79 79 79 79 79 79
76 76 76 76 76
79 79 79 79 79
52 71 79 79 77
80 79 80 80 80 80 80
80 79 79 76 80 53
53 71 71 71 71 71 71
71 71
71 71 71 70 70 71 71
71 67 67 67 67
67 67 70 70 70
70 67 67 70
70 70 67 67 67 70 70
70 40 41 41 71 71 71 71
70 70 70 70 67
67 70 67 67 67
67 67 67 67
68 67 71 70 70 67
67 71
49 41 41 41 41 41 71 71
71 71 71 71 71 71
71 71 71 71 71 71
67 67 67 67 67 71
67 67 70 70 70 70 70 70 67
67 67 68
67 70
71 71 71 71 71 71 71
71 71 71 71 71 71 71
71 0 0 0 0 0 0 0
0 0 0 0 0 0
0 0 0 0 0 0 0 0 0 0
0 0 0 0 0 0 0
0 0 0 0 0 0 0 0
0 0 0 0 0 0 0 0
0 0 0 0
0 0 0 0 0
0 41 71 71 67 70
70 70 71 70 70 67 77
80 80 80 80 80
80 80 80
80 80 80 80 80 77 77 77 77
77 40 70 70
70 71 71 71 71 71 40 67
67 67 68
68 41 65 64 65 68 68
68 71 71 71
71 71 71 71 71 71 71 71 71
71 71 71 71 71
71 71 71 71 41 41
79 79 79 71 71 71
71 71 71 67 67 67 67
67 67 67 67 67 67 67 67
67 67 67 67 67 67
68 71 71 71 71 71 71
71 71 71 71 71 71 68 67
67 67 67 67 71 70 67 67 67
71 71 71
71 70 71 77 76 76 77 77
77 77 77 77 77 77 77 77 77
80 80 80 80 80 80 80 80 80 80
50 77 77 77 77 80 80 80
80 50 50 41 41 71 71 71 71
71 71 71 71 71 71 49 79 79
79 79 79 79 79
79 79 71 79 79 79 79
80 41 41 41 71 71 71
71 71 67 67 70 70 70
70 70
71 71 71 71 71 71
67 67 67 67 67 67 67 67
71 71 71 71 71 71 71
71 68 41 49 49
50 49 50 50 50 50 50 53 53
53 50 50
50 50 80 80 49 49 49
50 53 79
53 80 80 80 49 49 49 49
79 79 41 49 52
79 79 79 49 49 49 49
67 67 67 67 68 68 68
68 68 68 67 67 67 68 71 68
68 68 68 68 67 67 71 71
71 71 71 71 71 71 71 71
71 71 71
71 71 71 71 71 71 71
71 71 71 71 71 71 71 71 71
71 71
71 71 71 71 71 71 71
71 71
71 71 71 71 71 71 71 71
71 71 71 80 80 79 79 79
76 76 76 50
77 77 77 77 77 77 77
77 77 77 77 80 77 77
77 77 77 80 80 77 77 77 77
80 80 80 80
76 76 77 80 71 80 80
80 80 80 77
80 76 49 77 80 80
80 80 80 80 80 80 80
77 77 77 77 77 80 80
80 77 77 77
76 76 77 68 68 77 77
77 80 79 79 79 79 80
77 77 80 80 76 77 50
41 71
71 68 68 68 71 71 71 71
71 71 71 71 71 71 71
71 71 71 71 71
71 71 49 49 49
49 49 49
49 70 70 70 70
49 49
49 52 49 80 70 70 71
71 41 41 71
71 71 71 71 63 76
49 49 71 71 71 71
77 77 71 71 77 77 77
77 71 71 71 44 53 53
80 80 80 80 80
53 80 80 53 53 53
71 71 71 71 71 71
50 50 79
79 79 79 79 79 76 80
80 80 77 77
71 71 71 71 71 71
71 71 41 68 71 71
71 41 41 41 41
41 41 41 41 41 41 41
41 41 41 40 41 41 44
44 41 71 71 71 71 71 71 71
70 71 71 41 80 71 41 41
41 71 71
41 41 41 41 41 41 67
67 49 77 71 71 71 71 71
71 71 68 68 71 71 71 71
71 71
49 49 49 49 52 71
71 71 79 71 71 68 71
71 71 71 71 67 79 79 79
79 79 79 79 79 79 80 79 79
79 80 80
80 80 80 80 80
80 80 77 77 76 79 79 79
76 79 79 80 79 79 80 76
77 76 76 80 80 80
80 80 80 80 77 77 77
77 77 77 80 80 77
77 77 77 77 77 77 77 80 76
76 76 80 79
79 79 79 79 76 76 76
76 76 76 76
79 76 76 76 76 80 80
77 77 80 80
77 77 77 77 77
77 77 77 77 77 77
77 77 77 77 77 77
77 40 40 70 70
80 80 80
80 80 80 50 50 50 53
50 50 50 50 50 80
50 50 50 50 50 50 50 50
50 50 77 77 77 41
71 71 71 71 71 71
71 71 71
26 26 26 26 26 53 44 44 44
71 71 71 71 71 71
71 71 52 52 52 79
76 77 76 76 80 80 80
80 80 80 80 80 80 80 80
80 80 80 80 80 80 80
80 80 80 80 41 71 71
71 71 71 71 71
49 49 71 70 70 70 70 70
70 71 40 44 44 71 71 71
71 71
71 71 71 71 70 49 49 49
49 79 76 67 67 67 70
70 67 70 67
70 70 70 67 76 76 71 71
71 71 41
41 71 71 71 71 71
71 71 71 41
71 71 71 71
71 71 71 71 71 71
71 71 71 71 71 71 71
71 71 71 77 76 76 71
71 71 71 71 71 71
71 71 71 71 71
71 71 49 49 50 50
50 80
80 80 67 67 67
67 67 41
71 71 71 71 71 71 71
68 67 67 73 76 76
76 76 76
76 76 76 76 76 71 71
77 76 76 76 76 76 76
76 76 76 67
76 76 76 76 76 76 76
76 80 80 80
53 80 41 41 41 41 41
41 41 41 41 41 41 71
71 77 80 71 71 71 53
50 51 81 81 77 77 76
68 68 68 77 77 77 77 68
68 68 68 71 71 71 68 68
40 40 40 70 70 43 67 67 76
49 76 76 76 76 76 76
77 77 77 77 77 77 77
76 76 76 77 77 77
77 77 77 77 77
77 77 77 77 77 77 76 77 77
77 77
77 77 77 77 77 77
77 77 77 77 77 77 77
77 76 76
76 76 76 76 76 76 76 76
76 76 76
76 76 76 76 76 76 76
76 76 76 76
76 76 76 76 76 76 76
76 76 76 76 76 76 76 76
76 76 76 77 76 76 76
76 76 76 77 50 41
41 71 71
71 71 71 71 71 71 71 71 71
68 68 68 67 67 67 67
67 67
67 67 64 67 67 67 67 67
67 67 67 67 67 67 67 67 67
67 67 67 70 70 67 67 40
71 70 70 70 41 52
80 49 71 71 50 80 80 80
71 41 68 71 49 49
67 40 40 50 53 53 50
50 50
70 70 70 70 71 67 76 77
80 80 80 80 80 80 80
80 80 80
76 73 80 80 80 80 80
80 80 80 80 76 76 76
76 76 76 76 76 76 76 76 74 77
78 78 78 80 80
80 80 80 80 49 49 49
41 41 71 71 71
67 76 76 79 79 79 79 79 79
79 76 79 79 79
79 79 79 79 79 77 77
80 80 80 80 80 80 80
80 80
79 79 79 79 79 79 79 79 79
76 76 76 80 80 80 76 79
79 79 79 79 79 76 77
80 80 80 80 80 80 80 80 80
80 80 80 80 80 77 77 77 68
68 41 41 41 71 71 71
71 40 49 40 71 71
71 71 71 71 71 71 71
71 71 71 71 71 71 71
71 71 71 71 71 49 49
49 76 77 80 80 80
80 80 76 76
76 76 76 67 70 70 70
67 70 71 71
80 80 52 49 71 71 71
71 71 71 71 68 70 67 80
79 76 76 76 80 80
80 80 71 71 68 71 71
71 71 76 79 79 79 49 49
79 79 79 53 53 80 77 76
79 79 79 79 79 79 79
79 49 41 40
71 71 67 68 68 68 71 68
71 71 77
77 77 80 80 80 80 80 77
76 76 77 77 80 80 77 77
77 77 80 80 80 80 80
67 67 43 43 41 41 71
71 71 67 67 76 79 80 79
79 80 80 77 71 70
70 67 79 79 79 79
79 79 79
79 80 80 80 80 80 80 77
77 80 80 80 80 80 80 80
80 80 80 80 49 49 49
49 52 52
50 50 50 80 50 80 67
67 70 70 70
71 71 71 71 50 52 52 52
79 80 80 80 80 80
80 77 68 71 71 71
71 71 71 71 49 49
49 49 49 49 49 49 49 52 52
52 49 49 49 49 49 49 49
52 49 50 80 80 80 80
80 80 52 52 49 52
52 50 50 77 51 51 81 81 78
77 50 49
