79 79 41 71 71 71
71 71 71 71 71 71
79 79 49 49 41 71 71 71 71
71 71 71 71 71 71 71 67
70 70 70 70 70 70 70 70
71 68 68 67 43 70
70 43 80
80 80 80 80 50 50 80 80
41 61 70 71 41 41
41 71 71 71 71 71
71 68 50 77
71 71 71 68 71 71 77 76
71 71 71 71 71 71 71
52 71 71
0 0 0 0 0 0 0
0 0 0 0 0 0 0
0 0 0 0 0 0 0 0
0 0 0 0 0 0
0 0 0 0 0 0 0 0 0 0
0 0 41 71 71 71 71
71 71 71 71 71 71 71 67
67 68 68 71 71 71 71 71
71 71 71 71 71 71
71 71
71 70 49 49 49 50
50 41 71 71 71 71 71 71
71 71 65 65 65 68 71 71
68 65 68 68
71 71 71 71 71
71 71
71 71 71 71 71 71 79 79
41 41 71 71 71 49 76 41
41 41
41 71 71 49 49 79 79
49 79 79 79 79
79 49 49 79 79 79
79 79 79 79 79 40 40
49 50 67 40 40 40 40 40
40 40 40 40 40 40 40 40
40 70
49 79 49 79 79 70 43 43 43 71
67 71 68 41 41 41 68
76 76 76 76 76
76 76 76 76 76 73 73
73 79
77 80 80 80 80 80 79 80 79
80 80 80 80 80 80 80
80 80 41 71 71 50
50 41 41 41 41 41 41 71 71
71 71 41 41 41 79
49 49 79 70 70 70 71 71 41
41 41 41 49 49
49 76 76 76 80 79 80
80 80 79 79 79 79
80 80 80 77 77 77 80 77
77 77 80 80 80 41 41
71 40 70 79 79 79 79
67 67 67 67 67 70
70 71
70 70 71 71 67 67 67
67 67 67 67 71 79 79
80 80
80 80 80 77 79 79 79
79 79 77 80 80 80 80
80 80 77 77 77 77 76 49 49
79 70
70 70 70 79 71 71 71 71
70 71 71
71 71 71 76 76 79
79 79 79 80 80 77
50 71 71 71 71 71 71 71
71 71 71 71 71 71 71
71 71 71 71 71 71 71 71
71 71
67 70 70 70 70 71 71 71
71 68 67
70 67 67 67 67 67 71 71
70 71 71 71 71
71 79 49 79 79 79 79 80
80 80 80 80 67 67
67 67 67 67
76 76 79 79 79
79 79 79 79 79 79 79
80 80 80 80 80 77 80
80 71 71
71 71 71 71 71 71 71 71
79 79 71 71 71 68 67
70 70 70 79 76 76 79
79 79
80 80 76 79 76 76 76 79
80 80 80 80 80 80
80 77 77 77 77 79 79 79
77 77 79 79 79 79 79
76 79 79 76
79 79 79 76 76 76 76
76 76 76 76 67 41 71 71 41
41 71 31
31 61 58 70 71 50 50 79
79 79 79 79 80 77 77 50 50
50 49
49 52 67 64 64 64 64 64
67 40 50 77 77 70 41 41
71 71 68 67 70 70 70
67 76 76 77 71 71 68 41
41 71
71 71 71 71 71 71 71
71 71 71 71 41 41
40 40 40 79 79 79 79 79
41 41 41 41 41
71 71 80 79 52 49
49 49 49 49 41 41
41 41
71 71 71 71 71 71 49
49 79 79 79 79 77 77 77
71 71 71 71 71 71 71
71 71 71 71 71
67 67 70 70 70 80
80 71 79 79
49 79 52 52 44 41 41
79 79 71 70 71 41 41
41 41 41 41 68 68 68 71
67 67 73
76 76 70 70 52 53 80
80 80 71 79 49 79 40 41
41 44 41 67 67 67 71 67
67 71 77 77 50 80 50
41 71 71 71 71
71 77 73 73 73 76 76 76 76
76 76 76 50
80 80 80 80 80 41
41 41
41 41 41 79 79 49 49 49
79 41 71
71 68 68 68 71 71 71 71
68 68 44 53 50 50 77 77
77 77 53 77 68 68
41 44 43 43 43 43
44 77 50 52 49
49 43 43 43 79 79 49 79
79 79 79 71
71 44 50 80 80 80 53
50 50 50 50 54
53 53 49 49 49 67 67 67
71 71 71 67 76 76 79 79 79 79
79 79 79 79 79 79 79 79 76
73 76
73 73 73 73 73 73 73 73 73
73 76 76 76
76 76 77 77 80 77 77 77 80
77 79 76 50 50 40
71 71 71 71 71 71
71 71 77 50 50 50 50 53
53 53
50 77 77 77 50 49 50
50 50 53 50 80 77 41 71
40 70 71 71 79 79
49 79 79 70
43 67 70 70 70 71 68 70
70 70 70 70 70 70
70 70
70 67 70 71 71 71 71 71
41 79
79 80 80 80 80 80 80 80
80 70 44 71 71
71 71 71 71 71 71 71
71 40
43 70 70 70 67 67 71 70
70 67
67 67 70 70 70 70 70
79 79 76 77 77 81 81 81 81
81 80 71 79
79 79 71 71 71 68 41 41
70 80 80 80 80
79 79 79 79 79 79 52
40 40 41 41 41 41 41
41 41 41 41
41 68 67 67 70
70 68 41 41 40 40 49 49
49 49 49 49 77 77 41
41 41 70 70 49 49 79 79
79 79
79 79 79 79 79 49 41 44 44
44 44 44 71
79 79 79 79 79 79 79 41 79
79 79 79 79 76
77 79 80
80 80 80 80 80 80 80 80
80 77 77 80
80 80 80 80 80 80 80 77
79 76 79 79 79 79
79 52 52 71
71 71 71 71 71 71 71
71 68 68 68 71 71 71
71 71 71 71 71 71
71 71 71 80 71 71 71 71
71 71 80 79 49 41 71 71
71 71 71 71 71 71 71 71 71
71 71 71 70 70 41 70
70 70 70 70 70 71 49 19 49
49 49 49 71 71 71 71
71 71 71 71
71 71 71 71 71 71 71 71
71 71 68 67 67 70 71
71 68 68 68 68 68 71 71
71 68 71 71 71 71 71
71 71 80 79 79 41 71 71
71 68
80 80 80 79 79 79 79
79 79 79 79 79 79 79 80
79 79 79 79 79 79 79 79
80 77 77 77 77 77 80 80 80 80
79 76 76 76 76 71
80 71 81 0 0 -149 -119
-149 -149 -149 -149 -149 -149 -149 -149
0 0 80 80 0
0 0 0 79 79 79 79
79 0 71 71 71 71
0 0 80 80 22 22
80 80 80 80 80
19 79 79 79 71 71
41 44 44 71 71 71 71 71
71 71 71 71 71 71 71 71 71
71 71 71
71 71 71 71 71 71 71
71 71 71
53 80 80 80 80 77 77 77
53 53 80 80 71
67 70 70 70 67 67 67 70 67
71 71 71 80 80
71 71 71 71 71 71 71
67 67 67 67 67
67 67 67 70 70 70
67 67 70
70 70 70 71 71 71 71 71 71
71 71 71 71 71 71 71 71 71
71 71 71 71 71 70 79 76
79 79
80 80 80 50 50 50 50 54
52 52 79 79 79 53 53 53
71 71 71 71
71 71 71 71 71 71 71 71 71
71 80 80 80 71 71 71 71
53 44 44 44 44 44 71
71 71 71 71 71 53
53 53 44 43 70 79 43
67 67 70 70
70 70 41 41 31 40 40 40
40 71 71 71 71
71 71
71 71 71 67 67 70
70 70 70 67 67 67 67 67
67 67 67 67 67 67 67 67
70 67 64 67 67 64 67 67
64 64 67 67 67
71 70 70 70 70 70 70 70
70 70 70 70 70 70 80 77 79
79 80 80 80 80 71 71
71 68 68
68 71 80 80 80 80 80
80 80 80 80 80 80 80 80
80 80 80 76 76
79 70 70 70 67 67
67 67 71 67 67 67 67
67 71
80 80 80 80 71 80 71
71 71 71
49 49 49 41 71 68
68 76 76 79 77 80
71 80 80 80 80 80 80 80
79 71 80 80 70 80 71 71
71 67 70 70 70 70 67 67 70
70 67 67 71 71
71 71 71 71 68 40 40 40
40 40 40 40 40 40
49 79 67 43 43 43 70
70 79
79 79 71 71 71 71
71 71 71 71 71
67 67 67 67 67
68 68 68 68 68
68 68 68 68 68
68 68 68 71 71 71 71 71
71 71 71 53 80 53 53 53
53 80 53 53 53 53 53 53
53 53 53 53 53 53 71 71
44 44 53
53 53 53 71 71 71 71 71
71 71 71 71 71
71 71 70 70 67 67 67
67 67 67 68
68 68 67 67 68 68 68
68 68 68 68
71 70 70 70 70 70 70 70 68
68 67 71 71 71
71 71 71 71 71 71
71 71 71
41 70 79 70 71 41 41
41 41 50 50 50 50 50
49 50 50 77
44 41 41 41 71 71 71 71
71 80 53 53 53 53 80
80 76 76 76 49
49 41 71 71 71 71 71 71
71 71 71 71 71 71
71 71 71 71 71 71
43 43 71
49 71 71 71 71 71 71 71 71
71 71 71 44 71 71 71 79 52
79 52 79 79 79 79 79
49 49 49 70 70 70 71 71
71 41 71
71 71 70 71 71 71 71 71
71 71 71 71 71 71 71 71
71 71 71 71 71 68
68 71 70 70 70 71 71 71
71 71 71 71
71 71 71 71 71 71 71
71 71 71 71 71 71 71 71
71 67 70 70 70
70 67 67 70 70 70
70 70 70 67 70 70 70 70 70
70 67 70 70 67 71 71 71
71 71 71 71 71 71 71 71 71
71 71 71 53 53 53 53 80 80
80 50 49 79 80 80
80 71 71 71 71 71
80 80 52
49 49 41 71 71 71
71 71 71 71
71 71 71 71 71 68 71
71 71 71 71 71 71 68
71 71 71 71 71 71 71
68 41 80 80 53 80 79
70 70 68 68 71 71 70 70
70 70 70 70 71 70 80 80 80
80 41 41 41 68 71 71 71
71 71 71 53 50
50 50 80 80 80 80 80 80 80
80 77 77 77 77 77 50 50 50
50 50 50 50 50 77 41 41
71 71 71
71 71 71 53 26 26 26 26
26 26 26 26 26 26 53 80 71
71 67 67 67 68 71 71
71 71
71 71 71 71 71 71 71
49 49 41 41 41 71 71
71 67 67 70 70 79 79
80 80 79 70 70 79 79
80 80 79 79 79 70 80 80
80 80 80
68 70 70 71 71 71 71
71 71 71 71 71 71 71 71
71 71 71 71 71 71 71
71 71 71
71 71 71 71 71 71 71 71 71 71
71 71 71
71 71 71 71 71 71 71
71 71 71 49 49 49 49
49 49 49 49
44 37 37 37 37 40 41 41 68
68 68 68 68 68 80 80
53 77 49 49 76
76 76 76 49 40 41 71 71 71
71 71 71 71 71 71 71 71 71
71 71 71 71 49 49 52
52 52 49
49 52 49 49 41 49 49
49 49 49 49
76 76 52 43 43 79 76
76 76 80 79
80 80 80 79 79 79
79 79
80 79 79 79 79 40 70 70
70 68 71 71
68 41 68 68 71 49 49
71 71
71 70 70 71 71 41 49 52 49
52 52 52 52 79 79 70 71
71 71 80 80 53 53 53
53 44 44 44 44 44 44
44 53 53 44 53
80 80 80 71 41 40 40
40 68 68 40 40 49 49 76
67 67
67 67 67 67 67 67 67 67 67
67 67
70 70 71 50 41 40 40
40 40 41 41 41 41 41 40
40 40 40
40 40 40 40 40 40 41 41 41
41 41
49 49 49 79 70 79
79 79 79 79 79 49 79
79 79
79 70 70 71 71 43 40
70 43 41 41 77 76 49
49 41 41 68 67 67 67 67 49
46 49 49 49 49 49 49 70
71 71 67 67 67 67 67
68 68 68 68 71 67 67 44
44 44 44 67
67 67 68 68 71 71 71
71 71 71 71 71 71 71 71
71 71 71 71 40
40 49 40 50 50 71 71 71
71 71 79
79 79 79 79 79 70 70 70 70
79 79 71 71 71 71 71
71 71 71 71 71 67 67
67 67 67 71 71 71 71 71
71 71 71 71 71 52 40
49 50 50 50
50 49 40 40 43 43 43 43 43
43 43 40 43 40 49 49
49 49 71 49 49 52 41
79 79 79 79 79 79
67 67 71 71 71 71
64 67 67
71 71 71 71 71 71 71 71
71 79 70 43 43 41 71 71 71
70 70 70 71 70 70 70 70 70
70 70 79 79 79 79 79 70 41
52 52 79 79 79 79 80 79 79
79 41 41 41 41 41 71 71
70 43 43 43 40 67 43 43
67 67 67 67 67 67 67 67
67 70 67 67 67 67 41
41 71 79 40 40 40 67
67 67 67 43
40 40 40 49 49 49 49
40 40 43 70
70 70 70 70 53
53 53 53 53 53 53 53
53 53 80 53 44 44 71
71 71 71 71 71 71 71 71
71 71 71 71 71 71 71
71 71 71 71 71 71 70 43
43 43 43 40 50 50 50 50 50
40 40 40 40 67 67
67 67 67 67 67 71
67 67 67 67 67 67 67 67
67 67 67 67 67 67 49
46 49 49 49 49 49 49
49 49 49
49 49 49 49 49 40 40 40 40
40 41 41 41 68 40 41 71
71 71 71 71 71 71 71 71 71
71 71 71 71 71 71 71
79 52 49 41 41 41
41 41 71 71 71 79 79
79 79
79 79 79 79 79 79 70 70 70 70
67 67 70 70 70 70 70 70 67
41 41 41 41
41 41 41 41 71 71 71 71 71
71 42 79 79
79 79 41 41 41 41 41 41
41 41 41 41 41 41 41 76
76 76
76 77 80 76 77 77 79
79 79 79 79
76 76 79 79 79 78 79
79 76 77 80 77
71 71 71 71 71 71 71 49
49 79 79 49 49 50 50 53 53
53 53 53 50 50 53 50 50 50
50 50 50 50 40 40 40
40 40 40 40 40 40 40 40 40
67 67 67 67 67 71 44
41 41 41 41 71
71 68 67 70 70 70 70 70 70
70 40 70 70 70 70 70
71 71 71 70 70 70 71 68 41
71 71 71 67 70 70 70 70
70 67 67 70
70 70 70 70 41 71 71
79 79 79 79 79 79 79
79 79 52 43 43 43 52 79
79 79 79 71 79 79 79
79 79 79 79
68 68 71 71 71 71 71 71
41 71 71 71
71 71 71 71 71 71 71 71
68 70 52 52 52 53 80
80 80
80 79 76 76 79 79 79 79
79 79 79 79 79 79 70
41 71
71 71 71 71 71 71 71 71 71
71 71 71 71 71 71 71 71
71 71 71 71 71 71 71 71 71
71 71 71 71
71 67 71 71 71 71
67 70 70 70 70 67 67 67
67 67 67 68 41 71 71 79 70
79 79 79 79 70 70
50 80 80 80
41 71 71
71 71 52 52 53 50
53 53 50 80
80 41 41 41 41 41 41 41
40 40 40 68 68 73
76 73 76 76
41 41 41 41 41 41 71
71 71 71 71 67 70 70 70 71
80 80 80 80 80 80 80 71
41 41 41 41 71 71 71
71 71 71 71 71
71 71 40 40 80 80
49 79 79 79 52 25 25
52 52 52 52 52 52
52 52 52 52 52 52 52
52 52 52 52 52 70 70 70
79 80 67 40 40 40 40
40 40
41 71 71 71 71 71 71 71
68 71 68 71 71 77
68 68 41
68 68 44 53 53 53 53 53
53 53 79 79
52 53 53 52 52 25 25 25
25 25 52 79 79
79 79 79 52 53 53 53 80
80 68 40 40 40 70 49
79 79 79 71 71 40 41
41 41 41 41 41
50 50 50 50 50 79 79 79 79 70
70 70 70
79 43 41 41 49 49
49 49 49 49 49 49 49 49 49
49 50 50 49 49 41 41
40 49 49 49 49 49 41
41 40 40 40 49 49 79 79
50 50 80
80 80 80 80 50 53 80 50
51 54 54 81 51 41 71 71
49 49 49 49 49 50 50 50 41
41 71 50
50 51 51 81 81 71 40 40
40 40 40 43 79 79
79 79 79 79 79 80 50 50 80
80 80 80 80 80 79 79 49
79 70 70 71
41 71 71 71 71 71 71
71 71
71 71 71 71 71 71 71
71 71 71 71 71 71 71
67 67 67 70 67 67 70 70 70
70 70 70 70 70 70 70
67 70 70 70 70 70 41
41 41 71 71 71 71
71 43 70 70 49
49 76 49 49 79 79
79 79 52 79 79 79 79 52 52
41 67
