40 40 40 37 40 40 31 31 40
40 31 40 32 32 31
31 40 44 40 70 67
40 40 40 40 40 40 40
40 40 40 40 40 40 40
40 40 40 40 49 49 49
40 40 70 43 43 43
31 40 40 40 41
31 41 41 40 40 40 40
71 40 40 40 40 53 53 53
41 41 44 44 40 40
40 41 40 52 49 41
41 41 41 2 2 2 2 2 2
2 2 2 2 2
2 2 2 2 2 0
0 0 0 0 0 0
0 0 0 41 40 49 49
49 49 49 41 40 41 41 41 32
31 79 40 40 44 44 43 40
40 43 41 41 40 44 71
53 44 41 44 44 44
40 40 71
44 44 40 71 44
44 44 80 68 41 40 71 71 44
71 71 71 40 40 40
40 41 41
41 41 41 41 40 40 52 52 49
49 52 41 41 41 41 40
44 43 71 70 40 40
40 40 41 41 43 43 44 43
43 44 44 43 41 41 44
44 44 44 67 40 40
41 41 41 44 44 41 71
44 53 53 44 44 44 43
43 43 71 41 41 41 41 41
40 31 40 31
40 41 44 44 44 53 53 53 53
53 43 43 80 71 71 71
44 53 53 40 40 44
44 44 52 43 17 43 80 80 40
40 40 40 40 40 40 40 40
40 31 40 41 41 40 40 31
31 31 31 31 31
41 40 53 53
44 53 53 53 79 71 71 44
44 53 53 41 41 44 44 44
44 44
44 44 44 71 40 40
40 40 40 40 40 53
44 53 53 52 80 80 80
80 40 40 40 40 41 40 40
40 40 40 40
31 31 31 31 40 40 32 40
40 31 32 32 32 32 32 40
71 71 40 40 40
40 40 37 31 40 32
41 44 53 50
71 71 40 53 52
49 49 49 49 53 53 53
53 40 40 40 40 67 40 31
31 31 31 31 31 31 31
40 71 40 40 40 41 40 41 41 40
41 44 53 40 40 44
44 43 71 71 71 71 71
71 71 40 44 71 41
44 53 53 53 44 44 41 43
44 44 44 40 31 31 31
32 31 40 40 40 40 40
40 40 41 40 40 40
41 41 43 41 40 40 41
40 52 52 53 41 40 40 40
40 52 52 52 52 79 79
40 41 40 40 41 40 40
40 40 40
52 53 53 53 0 0 0
0 1 1 0 1 0 0 0
1 1 0 0 0 0 0 1 1
1 41 40 40 40 41 40
40 40 40
67 53 53 50 44 53
53 53 41 40 41 41 40
41 41 31
53 53 53 52 53 52 40
52 52 52 79 79 40 40
49 53 53 53 53 40 40
44 40 40 41 41 41 41 40 40
53 40 19 19 19 20
40 40 40 40 70 70 70 43
43 53 71 80 53 71 71
71 40 40 32 32 32
40 40 40 32 32 32 32
31 10 10 41 32 32 40 40
40 40 31 32 41 41 32
40 40 52 80 79 52 52 71
40 40 41 40 40 40
40 40 40 40 40 40 40 41
41 70 53 52 52 53 53 52
52 49 52 53 53 53 43 71
71 71 44 40 40 71 80 71
71 79 80 80 80 68 71
71 71 41 44 49 52 41
41 41 41 40 31 31 31 32
32 31 40 40 41 44 44
40 43 44 70 43 43 43
52 52 52 40 40 40 40 40
40 32 59 59 32 32 31 31
52 53 40 40 40 40 40 40 41
40 40 40 40 40 44 44 44
41 41 40 44 44 40 40
79 52 52 52 40 40 40
71 80 53 52 53 53 53
80 40 44 40 41 40
40 40 40 44 44 40 40 44
44 44 44 41 41 41 40
53 53 80 80 80
53 53 80 71 40 40 52
52 53 44 44 53 53
52 53 53 53 53 53 53 53 40
40 40 40 41 41
40 44 44 40 40 40 40
40 40 44 53 53 53 44
53 53 52 49 52
79 76 80 80 40 40 40
40 40 40 49 49 49 49 40
40 67 67 71 40 40 41 70
71 71
40 68 52 79 40 53
80 80 80 71
40 40 31 31 40 41 40 40 40
40 40 41 40 31
58 44 41 41 41 41 41 41
41 40 40 40 40
31 31 40 40 40 40
40 40 40 41 41 31 31
40 40 40 40 40 40 40
40 40 40 40 40 40 40
40 67 67 40 40 41 40
40 40 67 71 71 71
40 40 40 40 41 41 41
41 31 41 41 40 40 53 53 53 44
53 53 53 53 50 53 53
44 44 44 41 43
41 80 40 40 41 41 41 40
40 40 40 40 40 40 40 67
67 67 67 64 71 71
71 40 41 41 44 40 40
40 40 41 40 40 40 40 40
40 40 41 40
40 40 40 40 40 40
31 41 40 40 40 40 41
41 41 40 40 41 53
53 53 53 40 52 80 53
53 80 53 53 53 80 80
43 52 80 80 80 41
68 71 71 40 40 40 41
40 41 41 41 41 41 40 40
40 40 40 40 40 40 40 40 40
40 40 40 40 40 40 40 40 40
49 49 40
40 40 40 40 40 40 40 40 40
40 67 40 40 40 40 40 40
40 40 40 40 40 40 40 40
41 40 40 40 40 40
31 32 35 62 59 59 31 31 40
40 41 41 41 41 41 40
44 44 44 41 41 41 41 41
41 41 41 41 40 41 41 41
40 40 41 40 40 49
40 32 32 32 31
31 31 31 31 31 31 31 31
31 31 31 41 41 40 40
40 40 40 40 40 40 31 31 31
31 31 40 40 40 40 40 40 41
40 40 40 40 40 40 40 40 40
40 40 79 52 49 49 43 41
71 71 71 53 53 53 52
53 44 44 44 71 71 44
44 41 41 41 41 52
49 49 49 49 49 49 49 49 40 41
40 40 40 40 40 40
40 41 41 41 41 40
40 40 49 49 49 40 40 71 71 71
71 44 41 41 41 68 40
40 67 70 71 52 71 71 71
71 71 40 41 41
41 41 40 40 40 41 41
40 44 44 44 44 44 44 53
53 44 44 44 53 40
52 53 80 53 80 80
80 80 80 49 53 41
41 41 41 41 41 40
40 40 40 31 31 40
41 41 40 44 41 53 53 44
44 40
40 40 52 52 40 41 41 31
31 40 40 40 40 40 40
40 40
44 44 80 80 52 53 53 53
49 40 40 40 40 40 70 67
52 49 49 40 10 10 10
31 31 40 32 35 35 35 43 40
41 41 40 49 49
49 40 40 40 40 40 40
40 31 40 40 25 25
25 53 53
52 52 52 40 40 31 40 40
40 49 49 52 44 43 67 40
40 40 40 40 41 41 41
40 40 40 41 71 71
40 40 40 40 40 40 40 40 40 40
31 31 31 31 31 40 37
28 31 31 40 44 41 17 17
41 41 40 40 31 31 41 80
16 26 26 40 41 41 53 53
79 80 71 71 70
40 70 40 49 49 49 41 40
40 49 50 53 40 40 40 31 31
31 31 40
49 52 52 80 40 40 40 40 40
40 40 41 41 53 52 52 41 40
53 53
53 53 53 53 53 41 40
40 40 40 40 40 40 40 40 40
40 79 40 40 40 40
41 41 41 40 41 41
40 41 40 40 41 41 41
41 40 40 40 41 40 41 41
40 53 53 52 49 71
44 41 53 53 44 44 41
44 53 53 80 80 40 40 40
40 40 40 40 40 40 40 40 41
41 41 41 41 40 31 31 40
40 40 49 49 40 40 71 40
40 40 40 68 40 40 40 53
53 53 53 53 40 40 40 41 71
71 80 80 80 53 53 53
53 53 53 53
53 53 80 40 19 19 19 19
40 40 40 40 40 40
40 76 76 41 53 49 49 49
49 41 40 40 40 40 40
40 49 44 53 53 80 53
50 53 53 40 40 40 40 40
40 40
40 40 40 40 40
40 40 40 40 40 40 40 40
40 41 40 40 40
40 40 40 40 40 40 40 40 40 40
40 40 40 40 40 40 31
40 40 40 41 40 40 40 40
40 40 40 40 40 40 40 40 40
40 40 40 40 40 31 31 40 44
53 53 53 80 53 53 53 53 52
80 79 80 80 40 40 40 40
40 40 31 31 32 31 31 31
40 40 40 40
40 40 40 37 40 40 37
40 31 31 40 31 31 31 31 31
31 31 31 31
41 40 40 43 44 53 53
53 40 52 52 49 40 40 40
40 40 40 41 41 41
41 40 40 40 40 40 40
40 40 70 40
40 40 40 41 41 31
31 40 40 40
40 40 41 44 44 43 44 43
53 52 53
40 53 71 71 71 40 40 40
40 40 40 40
40 40 49 49 40 40 40 37
31 32 32 43 43 40 40 41
40 40 40 40 31 31 40
40 31 40 31 31 43 43 40
31 31 31 40 40 40 40
40 41 40 41 68 44
44 71 71 71 43 44
43 44 26 53 53 53 53
80 53 43 14 40 40
40 40 40 40
41 41 68 41 40 40 40 41
40 31 31 31 40 53 53 53
53 41 41 41 40 40 40 40
40 41 40 40 40 40 40
31 31 40 40 40 40 40 40 40
44 41 41 31 32 31 40 32 41
40 40
40 40 40 40 40 31 40 40 40
40 41 41 40 40 40
40 40 40 40 44 43 34
43 71 71 80 41
41 41 68 68 40 40 71
71 53 40 40 40 40 40 49
44 53 71 71 80 80 53
53 52
11 21 0 0 0 0 0 0
0 0 0 0 0 1 0 0
0 0 0 0 0 0 0 0 0
0 0 0 0 0 0 0 0 0
0 0 0 0 0 0 0
0 0 0 0 0 0 0 0
0 0 0 0 0 0 0 0
0 0 0 0 0 41 40 40
40 40 40 40
40 40 40 40 40 49 49
49 40 40 40 40 40 40
32 33 32 33 36 31
31 40 31 31 31 31 31 31 32
40 40
71 71 44 44 44 53 80 53
49 49 52 40 40 52 53 53
53 40 40 40
71 53 80 40 40 40 40 40
40 40 40 40 40 41 41 41
40 40 40 41 40 40 53 53 41
40 40 40 40 41 40 40
40 31 31 31 40 40
44 44 44 41 43 41
34 43 44 41 41 41 41 41
71 71 40 40 40 40 40
40 40 40
40 40 40 41 41 40 40 40
40 40 40 40 40 40 40 40
40 40 32 31 40 40 40 13 13
31 35 31 40
42 43 40 40 41 40 40 41
40 52 50 41 41 41
31 31 31
40 31 41 31 31 32 32
32 43 53 53 80 80 40
40 40 43 31 31 28
28 31 31 31 40 35 40 40
40 31 40 40 40 40 40
42 40 40 32 32 40 40
13 44 41 40 40 40 31 40
71 44 43 31 31 32 32 40
16 40 40 43 41 40 40
43 40
31 31 40 40 41 40 40
40 40 40 40 40 40 40 40
40 40 40 40 43 53
53 53 40
40 40 41 41 40 40 40
40 40 40 40 71 71 71
40 40 41 41 40 40 40 40
40 40 40 40 40 40 40 49
49 49 40 40 40 37 37
28 31 31 31 31 31 31 31
31 32 31 31 31 31 31 31
31 43 43 43 31 31 31 31 40
43 43 40 40 40 16 53
53 52 40 40
40 40 41 41 31 31
40 31 31 31 41 43 44
53 52 40 40 40 40 40
40 40 40 40 40 40
40 31 31 31 31 41
41 44 41 41 41 41 40 40
41 40 40 53 53 52 53
44 40 10 31 31 31
31 32 32 32 31 31 31
28 28 28 40 40 31 32
32 40 40 40 41 41 41 35
32 40 40 41 44 40
71 79 79 40 34 32 31 31
40 41
40 40 32 31 41 31 31 31
40 41 41 41 41 41 41 41
41 41 41 40 40
40 40 40 40 40 40 40 40 68
68 41 41 41 41 41 41 40 41
41 44 41 44 44 44 40
40 40
41 41 41 40 40 40 49 49
49 40 40 44 44 53
53 41 40 40 40 41 41 44
44 71 40 40 40 40
68 68 67 41 41 41 41 41
40 40 40 41 41 41 40 40 40
40 40 40 40 40 40 40 41
41 41 41 31 31 40 40 40
40 40 40 41 41 41 40
40 40 40 44 52 53 53 53
53 71
71 71 44 43 41 41
41 40 41 71 71 44 41 40
40 43 43
44 43 43 40 40 40 40 31
31 31 31 31 31
40 40 40 53 53 53 53
40 40 31 31 31 40 49
53 53 52 53 40 40
41 41 41 41 40 41 41 41
41 40 40 41 41 41 40
40 40 44 53 53 53 53
52 52 52 44 71 53 80
79 79 71 41 44 40
40 41 41 40 41 41 40
40 40 40 40 44 53 53 53 80
80 43 43 41 41 41
41 41 40
40 43 44 43 43 53 50
41 41 41 41 41 41 40
40 40 41 41 40 49
40 40 53 53 80 80 71
44 41 41 41 53 53
53 53 52 44 44 40 41 41
41 41 41 40
40 40 40 41 40 40 40 40
40 40 40 40
40 40 40 40 40 40 40
40 40 40 67 67 67 67 40
49 40 40 40 40 52 43 70
79 49 52 49 52 52 52 52
71 71 40 44 41 41 43 43
71 43 52 52 71 80 80 80
80 52 71 71
52 52 43 71 70 41 41
53 53 53 53 41 41
0 0 0 40 40 40 40 41
40 41 40 40 40
40 40 40 40 40 40 40 40 41
40 40 40 40 41 40 41 41
41 41 40 40 40 40 41
41 41 43
40 40 40 41 40 41 41
43 50 50 41 41 80 71
43 71 71
79 43 40 43 40 44
44 71 68 41 79 80 41
41 40
31 31 32 71 41 41 31
40 31 31 31 31 31 31
31 31 31 28 28 28 31
31 31 31 40 31 32 31
31 31 31 32 32 40 40
40 40 40
31 34 34 34 34 34 40 40
33 40 33 31 40
40 31 31 40 41 41 41
31 31 31 40 41 41 40
31 32 71 41 68 40 40 40
71 71 40 41 40
41 41 41 41 40 40 40
40 41 41 32 32 31
41 40 41 49 77 50 40
40 41 41 41 68 41 40 40 41
41 31 31 40 40 40 40 40 40
40 40 40 41 41 41 41 41
53 53 53 40 40 31 31 31
40 40 40 40 40 49
49 40 40 40 40 40 41 41 40
41 40 40 40 40 41 44
41 68 68 40 40
32 40 40 40 40 40 40
40 40 40 40 40 40 40
40 40 40
41 41 41 40 40 40 40 40 40
40 40 40 41 79 40 49 49
19 31 31 31 31
40 22 49 40 40 22 22
31 40 49 49 41 41 41
40 31 31 40 40 53
50 40 40 41 41 41 41 40
40 41 44 80 79 79 79 52
80 80 71 40 41
41 41 41 41 40 40 40 40 41
44 40
41 41 40 41 41 40 40
40 40 40 40 41 41 41
40 40 40 49 49
41 41 41 41 41 41 40 40 40
31 40 40 37 31 31 31 37 37
37 28 31
32 40 40 40 31 34 34
40 31 31 40 25 25
22 40 40 31
32 35 31 32 40 40 41
41 40 40 40 40 40
32 32 40 40 40 40 40 40 40
40 41 31 40 40 31 28
32 32 32 32 40 52 41 41 41
40 31 31 40 41 40
40 40 41 40 40 31 31
40 49 49 41 40 40 40
41 41 41 40 40
40 31 40 31 40 40 40
49 40 40 40 41 41 41
41 31 32 43 53 71 71 41 41
40 37 37 37 37 37 40
40 40 41 43
40 40 40 40 40 40
31 32
31 31 31 31 31 32 31
28 28 31 31 44 44 50
41 41 44 40 41 41
41 31 41 71
71 21 21 21 12 12 11
10 1 21 21 3 1
1 1 10 1 43 43
40 41 31 44 44 43 34 31
31 32 31 31 31 31 40
41 41 31 33 32 32
40 31 31 31 31 31 40 42
41 40 31 31 40 40 41
41 40 40 10
10 10 10 10 31 40 40 13 22
26 52 53 53 49 53 44 44 40
41 41
43 44 53 53 53 53 40
53 53 53 53 53 53 53 52 52
52 53
52 52 79 79 40 40 40
41 40 40 40 40 40 31 31 31
31 31 31 31 53 50
40 41 41 41 40 40
31 31 31 31 31 31 31 32 41 41
53 80
80 40 40 40 40 40 40 40 40
41 41 41 41 41 40
41 41 41 41 41 40 52
71 70 79 79 52 52 52
43 71 41 49 68 80 53
53 52 25 25 43 43 43 43 43
43 40 41 40 41 41 43 40 40
40 40 40 40 40 40 40
40 41 41 40 40 40
40 40 40 31 31 40 40
40 19 50 71 53 53 53 53
53 52 53 53 41 41 44 41
41 71 71
53 53 41 41 41 41 41
41 40 41 41 41 41 41 40
40 41
41 41 41 41 68 68 68 41
41 41 41 14 41 41 41 41 41
41 41 41 41 41 41
41 41 41 41 40
41 41 41 41 41 41 40 40 44
44 44 41 41 14 17 0
