79 79 79 77 41 71 71 71
71 71 71 71 71 71
71 71 50 50 50 81 81 81 80
77 41 43 43 70 70 70
70 71 80 79 79 79 79 52 52
79 79 49 70 70 70 49
71 71 71 71 70 70 70 67
67 80
80 80 80 80 80 80 80
80 80 50 50 50 71 71
71 80 80
77 77 77 77 71 71 71 71
71 71 0 0
0 0 0 44 41 71 71
71 71 71 71 71 71 68
77 77 77 69 71 71 71 71
71 71 71 71 71 71
71 71 71 71 71 71 71 71 71 71
71 71 71 71 71 71 71
71 71 71 71 71 71 53 26 53
53 71 71 71 71 71 71
71 71 71 71 71
41 71
44 50 50 40 70 70 80 79
70 70 70 70 70 71 71 71 71
49 40 70 70 70
77 80
70 70 79 50 50 80
80 80 80 80
49 50 50 77 49 80 53
49 41 50 50
71 71 71 70 71 71 71
67 67 67 70 70 70 70
67 70 49 40 41 41 71
80 80 80 80 71 71 80 77
53 80 71 71 71 71
53 50 50 80 80 71 50 71 70
40 70 40 67 70
49 71 50 50 80 80 80
71 71 71 71 71 50 41 41
71 71 71
68 71 70 70 71 71 71 40
70 71 71
41 41 41 41 41 49 49
49 49 49 76
67 67 70 70 70 70 70 40
40 40 40 40 40 50 50
50 50 50 50 50 50 80
50 50 50 50 71 71 68
41 41 41 49
49 49 49 41 71
71 71 67 67 41 71
71 71
41 71 71 71 71 71 68 71
71 71 71 71 68 68 68 71
71 71 80 79 41
79 71 71 71 71 71 50
71 71 70 70 71 71
79 79 79 79 68
68 71 71 80 70 70 70
67 67 70 70 67 67 70
70 67 70 70 67
70 70 70 70 79 79 76 76
76 76 76 77 77 80 79 76 76 79
76 76 76 76 76 76 76 76 76 76
52 43 43 43 43 43 52 52 52 52 52
52 79 79 67 67 67 67
70 70 67
67 67 67 67 67 67 67 68
68 68
67 70 70 70 67 70 70 70 70
79 52 49 49 52 63
67 67 67 67 68 68 68 68 68 67
67 67 67 67 67 67 67
67 64 64 67 71 71 71 71 79
79 79 79
40 40 40 40 40 40
49 50 77 67 40 40 67
64 64 64 64 64 64 64 64 64
71 50
53 53 80 80 77 77 77 68
71 53 26 26 53 80 80 71 67
67 64
64 67 76 79 79 71 71 50
80 80 80 50 71 67 70
71 43 40 70 71 41 41 49
49 49
49 49 40 67 40 40 79
70 70 70 71 71 71
41 71 50
50 40 70 70 70 68 68
79 79 40 40 70 70 70 70 70
70 40 64
64 67 67 67 67 67 67 67 67
76 37 64
67 67 67 64 67 67 67
67 64 67 67 76 40 49
40 67 40
67 43 80 71 70 70 70 70
70 71 80
76 76 49 49 49 76 76 76
76 76 76 49 52
71 52 79 79
79 79 79 70 43 43
80 70 70 70 70
80 80 50 50 80 80
80 40 40 70 70 70 70 43
70 49 70 71 71 71 79
79 77 68 71 68 67
70 71 77
77 80 80 49 52 52 49
49 49 79 49 80
50 70 71 71 77 77 71
71 71
40 40 43 70 70 67 70
70 70 41
41 71 26 26 26 26
41 71 71
41 50 77 40 40 67 70
70 71 71 71 71 70 70
79 79 79 79 71 79 40
70 79 79 79 79 79
80 79 79 76 79 79 70
71 40 70 70 70
71 71 71 71 71 71
71 71
41 71 71 71 71 71 50 50
80 80 79 79 70 70 70 70
70 71 71
67 70 70 70 67 67
67 67 67 67
67 67 67 71 71 71 67
80 71 71 71 71 71
71 71 71 71 71 71 71 80 49
49 49 49 49 49 76 76
76 79
79 49 79 79 79 67 67
70 70 70 70
70 70 67 70 67 64 64 64
71 71 71 71 71 71 77
67 64 64 41 49 71 41 41
80 71
71 49 49 49 49 79 79 80
80 77
68 68 71 71 79 79
71 70 70 80 80 71 71 71
71 71 71 80 80 80 77
67 67 67 40 40 67 67 67 67
67 67 67 64 67 67 67 71
40 40 40 40 67 67 70
71 71 44 44 53 53
71 71 71 71 71 71 71
71 71 71
71 71 71 71 71 71 71 71
71 70 70 70
71 71 80 71 71 71 71
71 71 71 53
50 50 71 71 53 80 80 80
80 71 71 53 41 41 68 68
68 68 68 68 68 53 53 50
50 50 80 50 71 80
80 71 71 71 80 71 71 71
71 70 71 70 70 67 76 80
70 70 53 50 80 80
50 80 71 71 71 71
50 50 50 50 50 50 77
40 67 70 71
80 77 77 77 71 71 68 70 70 70
70 71 71 49
49 49 40 40 49 79 79
71 71 71 80 80 80 80
80 80 77 71 71 71
77 71 71 71 71 71 50
80 76 77 77 77 79 79
50 50 50 50 50 80
50 77 80 77 71 71 71
76 49 41 41 50 50
77 77
40 43 70 70 70 70 70
67 70 49 80 80 80 67
43 43 71 80 50
51 78 78 78 80 80 76
70 67 67 67 67 67 70
70 49
49 49 49 41 40 40 41
41 41 41 43 43 43 52
68 68 67 68
68 68 68 71 71
76 76 49 50 41
41 41 41 41 41 41 41 41 41 50
50 50 50 80 80 80 80
76 76 76 76 76 76 79
79 79 50 50 50 50 80
50 50 80 80 80 80 53
53 77 44 71 71 71 71
80 80 41 41 41 41 41 41 41
41 41 41 41
41 41 41 40 40 40 40 40
40 40 40 40 67 67 70 70 70
71 71 71 71 71 71 71
71 71 70 70 70 70 70
67 70 70 70
70 70 70 70 70 67 43 70
70 40
60 68 71 71 71 71 71
79 79 79 79 71 71 71 71 71 71
71 71 67 67 70 70 70
59 59 68 71 62 71 62 62
62 71 70 62
70 71 71 71 41 50 80 80
49 76 80 80 80 79 40 40
40 40 40
43 43 43 44 41 41 41 41 41
44 44 70 70 71 68
77 77 77 76 76 76 50 50
50 50 50 50
50 50 50 50 50 50 49 79 49 50
80 80 80 80 80 80 80
80 50 50
50 51 50 50 50 80 80 53 50
77 50 50 50 80 40
68 71 41
67 71 71 71 71 71 80 50
50 80 80 50 49 79 79 79
79 79 68 71 71 71 77
80 79 79 79 79 80 80 80 80
50 50
50 50 79 79 79 52 52 52 50
80 80 50 50 80 77
80 80 71 50 80 80 80 80 80
80 80 67 67 67 64 64 64
64 64 64 64
67 76 40 40 50 80 53
50 80 50 50 69
69 69 72 42 50 50
79 40 40 79 79 49 79 79
77 80 80 80 70 50 50 50
77 77 80 80 80 80 80
80 80 80
76 79 79 79 79 79 79
79 77 71 71 68 80 71
79 79 79 71 41 40 40 71
80 53 80 80 67
70 70 67 70 67 67 67 67
67 53 53 80 80 80 44
44 71 71 71 77 76 79 70
70 71 71 70
80 80 80 67 70 71 71
44 44 71 71 41
40 40 49 49 52 49 52 52 50
40 43 70 70 70 70 70 70
70 70
70 49 49 49 49 76 77 80
80 71 71 71 71 71 71 71 68
76 77 50 50
80 49 79 71 71 71 71
71 71 80 79 70 71 71 71 71 71
71 71 70 70 70 70 70 70 70
70 70 70 70 70 70
70 70 70 70 70 70 70 70
70 67
67 67 70 70 70 67
67 67 70 70 67
41 71 71 68 68 77 77 77
71 67 40 70
70 70 70 80 80 80
80 80
80 80 53 80 53 80
50 80 80 50 80 80 71 71 80 80
80 71 70 70 70 70 70 70
50 80 50 80 80 80 80
50 50 80 80 80 80 71
68 64 64 64 64 67 76
71 71 71 71 53 80
50 50 50 50 80 50
80 80 80 80 50 50 70 70 70
76 71 71 68
68 68 71 71 71 77 71 71
71 70 71 79 70 40 40 40 40
40 71 64 64 64 67
64 67 67 67 67
70 70 70 70 67 67 67 67 70
70 49 68 68 68 68 68 68
68 71 53 49
68 68 68 40 43 43 67 41
41 41 40
49 50 50 80 80 80 80
80 80 53 26 53
53 53 49 49 40 40 70
70 40 40 70
40 70 70 70 70 43 70
70 70 70 70 70 70 70 67 68
68 71 71 49 52 79 76
79 79 79 79 70 71 70 70
41 41 41 40
70 70 70 70 70 67 49 40
41 40 40 70 70
50 50 80 80 80 80
80 67
40 70 49 50 50 81 50
80 80 41 70 70 71 71 71 71 71
71 71 71 70 70 79
79 79 49 79 49 49 79 76
76 80 80 80 79 79 79 79 80
80 77 77 77 79 79 79 79
79 79 79 79 79 79 79 76 79
79 76 76
79 79 79 79 79 76 76 76 76
76 76 50 79
76 80 79 79 79 79
79 80 80 77 80 80 43 43
41 68 71 71 71 44 50 80 80
50 49 49 79 79
41 41 41 41 43 77
43 68 68 41 41
71 71 70 70 70 70
70 80 80 53 53 53 53
80 53 53 70 70 70 70
70 80
77 68 71 71 80 70 70 70
70 67 71
70 70 49 71 71 76 49 49 49 49
80 77
70 41 41 41 41 71 71
53 53
53 71 71 71 71 80 76
76 76 68 71
71 71 71 71 67 70 70 76
43 43 70
70 70 80 80 80 67 67
70 70 70 79
52 53 26 26 25 25 25 52 52
53 80 80 80 80 53 43 70 67
67 64 67 67 67 67 67 67 67
71 70
70 79 79 79 79 80
79 79 79 80 80 79
76 73 73 76 76 76 73
76 80
80 80 80 80 80 80
76 80 80 71 71 80
68 40 43 70 43 53 80
80 53 43 49 49 43
43 67 70 70 71 71 71 40
43 70 70 70 70 70 70 67 71
71 68 68 68
43 43 70 70 49 49 70 40
70 71 41
76 43 76 41 71 49 49
79 79 49 40 40 70
71 71 77 41 71
49 79 79 79 79 79
49 50 80 80 80 80 80 80
71 71 71 71 71 71 71 71
71 71 71 79
52 79 79 49 49 49 49 49
49 49 49 49 76 76 76
80 77 71 41 79 79
79 79 79 80 79 79 79 79 79
80 80 79
79 80 79 79 79 79 79 79
79 79 79 79 79 79 79 79 79
79 79 80 80
76 79 79 76 79 79 80
71 71 71 79
79 40 40 40 40 49
49 49 49 49 79 71
67 67 71 70 67 67 71 71 71 71
79 79 52 53 80
80 80 80 80 70 79 80 80
53 52 79 79 79 53 53
50 80 53 53 80 80
80 80 50 50 80 80 80
80 80 70 70
70 80 41 41 41
41 41 71 71 71 71
71 49 49 49 49 49 40
40 40 40 40 40 40 40 67 67
70 40 40
71 80 76 77 80 70 76 70 70
76 79 79 79 79 70 67 68
71 71 71 71 80 80 40
70 70 40 40 40 40
40 40 40 67 70 70 71 76
76 76
76 76 76 49 49 49
49 49 40
40 40 70 43 67 43 40 40 58
41 40 40 70 70 70 70 70 43 70
70 70 70 40
40 40 40 70 80 79 79 79 79
79 79 79 79 79 79 77 76
79 76 79 79 40 40 70 70
70 70 70 49 49
80 71 71 71 79 79 79 76
77 80 41 41 41 41 41 50 50
50 50 50 50 50 50 50 53
53 80 41
41 41 41 41 41 41 71 71
80 80 80 40 40
40 40 70 80 77 72
50 50 50 50 50 50 50 50
50 50 76 76 76 49 77 80
41 49 49 49 50 50
49 52 52 49 49 49 49
67 80 80 50 76 76 76
76 79 79 67 67 67
67 70
80 80 70 67 68 71 68
50 44 41
41 53 68 41 40 71 71 71
71 71 71 71 71 50
50 72 72 80 80 80 81
80 53 53 77 70
52 53 71 71 71 71 67 43 43
43 52 80 80 79 79 79
79 79 79 79 79 79
71 71 67 67 67 67 77 80
49 40
40 40 70 70 40 70 49 80 80
80 49
49 40 50 77 50 67 77 80
80 80 79
71 71 71 71 71 71 71
79 79 50 50 77 77 50
71 71
71 71 77 77 80 79 79
79 79 79
79 76 76 73 76 76 76 80
44 71 71 71 71 71 71 40
40 76 67 43 43 43 43 43 40
70 40 70 70 70 67 67 67
70 68 71 71 79 79 67
70 70 70 49 49
40 40 40 50 50 50 49 49 49
79 80 52 52 52 52 49 49 49
49 49 71 71 68
67 71 70 71 70 80 44 80
80 80 50 50 71 71 71
53 53 53 80 53 80
80 53 50 50 77 76 80 80
80 80 80 80 53 53 53
77 77 77 77 68 71 80 53 80
80 80 78 42 78 81 81 81 81
77 64 64 67 67 67 67 76 76
76 76 49 41 71 71 41
49 41 71 71 71 71 71 71 71
71 79
76 49 50 80 71 68 71 70
80 77 67 70 71 80 80
77 77 77 77 70
71 71 71 71 71 71 41
41 41 41 71 71 71 71 71 71
71 71 40 40 67 67
67 67 70 43 50 50 71
71 71 80 80 80 41 41 68
71 41 41
71 71 71 71 71 71 71 71
71 71 71 71 71 71 71 71
71 70 70 70 67 67 67 67 67
68 68 80 80 50 50
81 80 71 40 40 40 67 70 71
71 71 71 71 71
71 71
71 71 71 41 41 71 71 71 71
71 67 67 70 70 70 49
71 71 68 68 68 68 68 68
68 80
80 80 80 80 70 70 70 70 70 70
70 70 70 80
80 80 80 80 80 53 80
77 77 80 80 77 79 71
71 71 71 71 71 50
80 80 80 71 80 77 80 80
80 50 50
50 50 50 50 50 50 50 77 77
76 76 49 49 40 70 70 70 70
70 71 71 71 68
67 70 70 70 67 67 67 67
67 67 67 70 70 67
68 71 44 44 44 50 80
80 80 80 71 80 80 80
71 44 80
71 71 67 70 71 50 41 41 68
68 68
68 71 71 50 80 80 80 80 80
80 80 80 80 80 80 80 64 67 67
67 67 67 67 67 67 67 40
40 40 40 67 67 67 67 67 67 67
79 79 67 67 67 67 67 67 67 67
67 67 67 67 67 67 67 70
50 50 50 50 80 50 50 80 50
50 50 80 80 71 71 71 70
80 80 80 80 80 80 80 80 80
71 80 71 41 71 71 71 71 71
71 71
71 71 71 71 71 71 71 71 71
70 70 80 80 70 70
50 80 80 80
71 80 80 80 80 80 77 77 77
77 77 80 77 80 80 77 76
76 76 76 76 76 76
78 78 78 78 78 78 77 77 77 76
76 76 76 76 76 76 76
76 76 76 76 76 76
76 76 76 76 76 76
76 76 76 76 76 76
76 76 76 76 76
76 76 76 76 76 73 76
76 49
50 53 53 53 50 41 41
79 79 71 70 70 67 67 67
67 67 67 67 67 67
64 64 67 76
76 76 76 76 76 49 49
49 49 49 49 49 49 49
49 49 49 49 49 49 49 49
49 50 71
71 71 41 79 79 79 79 79
79 77 77 77 77 77
77 77 71 80 80 77 77 77 80 80
80 80 77 77 76 79 79 79 79
79 76 79
76 76 77 77 49 49 41 41
49 41 71 71 71 71 71
71 71 71 71 71 71 71 68
79 79 79 52 52 52 52 41 49
49 49 49 49 49 41 71 71
71 71 71
71 71 71 71 68 71 71 71
71 71 71 71 71 71 70
53 50 50 50 50 77 77 50
50 80 50 80 50 80 80 80
80 40
71 70 70 70 70 71 71
71 71 71 70 70 70 70 70 70
70 71
70 70 70 70 70 70 70
70 70 70
70 70 70 40 79 79 76 70
80 80 80 80 67 43 70
71 71 70 70 70 70 79 79 79
79 79 79 79 79 79 67
71 70 70 70 70 70
71 80 80 80 40 70 70 70 79
49 77 72 80 77 77 77 77
50 50 50 51 53 50 51
51 81 81 81 51 51 81
81 80 79 76 76 76 81 81
81 41 41 71 71
71 71 79 80 80 80 80 80
80 80 80 80 80 80 80 80
71 71 79 49
71 71 71 71 71 71 71 71 71
71 71 71 40 79 79
79 49 76 70 67 64 64 67 67
67 41 71 71 71 71
71 71 71 71 53
53 53 53 53 80 71 71 71 71
71 71 71 71 71 71
71 71 71 71 71 71
79 79 79 79 76 80
80 80 80 80 80 80 80 0 0
0 0
