71 50 50 50 50 71 71
71 49 41 71 71 41
77 71 71 71 71 68
76 79 79 71 71 49
49 71 71 71 71 49
49 49 41 71 71 71 49 79
79 79 71 68 68 68 68 71
71 71 79 77 71 71 71 79 68
68 68 71 71 71 71 71 71
71 71 71 79 79 49 49
49 41 71 71 77 41
41 76 71 68 68 68 68
71 71 71 0 71 79 79 71 71
71 71 71 71 50 49
50 49 49 79 49 49 49 49
49 49 49 41 41 71
71 71 71 49 49 49 71 71
71 71 71 71 71 71 71 71
68 41 76 41 71 71 71 71
41 80 71 41 71 71 71 79
79 79 71 41 41 50 41
41 71 71 71 71 19 19
19 19 19 41 41 71 71 71 41
41 49 49 49 49 49 41 41 41
41 71 71 71 71 71 49 41 71
71 71
71 49 49 49 49 49 49 41 41 41
41 49 49 41 41 71
41 49 40 41 41 41 49
49 41 71 71 71 41 41
41 41 71 68 68 68 76
71 71 71 71 71 71 79
79 71 71 71 71 71 41 41
41 41 41 41 76
71 71 41 49 19 19 19 22 49
41 41 71 71 71 71
79 79 79 79 79 79 79 79 79
79 79 79 49 79 79 79 80 80
80 79 79 79
79 76 76 79 79 79 79
79 79 79 79 79 79
79 79 79 79 79 79 79
79 79 79 79 79 79
79 79 79 52 52 71 71
52 52 79 41 41 71 71 71
71 71 80 80 80 71
71 80 52 49 71 71 71 49
49 49 71 71 71 71 71 71
68 68 68 71 71 71 71 71
71 41 50 49 50 41 41 71
71 49 71 71 71 68
49 49 49 71 71 71
79 79 71 71 71 68 68
68 71 71 71
71 71 71 80 49 49 49 49 49
71 71 71 41 41 41 50 41
71 71 71 50 49 77 68 68 41
41 71 71 71 71 77 41 41
49 71 71
79 79 79 79 79 79 79 79
49 23 41 79 79 79 79
79 79 79 79 49 49 49
76 49 49 52 79 79 79
79 79 79 79 79 79
79 79 79 79 79 79
79 79 79 79 79 79
79 79 79 76 76 76 77 79 79
79 79 79 79 79 79 79
79 79 79 79 79 79
79 79 79 79 79 79 79
79 79 79 79 79 79 79
79 68 71 41 50 50 41 41
71 71
79 52 71 71 70
44 53 80 80 71 71 71 79 49 49
49 80 71 68 68 68
68 71 71 71 71 49 49 49 71
71 71 71 49 49 49 49
79 76 53 71 71 71
71 71 50 41 41 41 41
71 68 68 68 68 71
68 68 71 71 79 71 71 71
71 49 49 49 71 71 49 49
49 71 71 68 71 71
71 79 79 71 71 79 52 71 71
80 80 71 71 71 52 49 49
71 71 68 68 68 68
71 71 71 49 52 79 71 71 80
41 68 68 68 71 71 71 79
79 79 79 79 79
79 79 79 79 79
79 79 79 79 79 79 79
79 79 79 79 79 79
79 79 79 79 79 79 79
79 79 76 79 76 79 79
79 79 79 79 79 79 79 79
79 79 79 79 79 79 79
79 79 79 79 79 79 79 79 79 79
79 79 79 79 79
79 79 79 79 79 79 79
79 49 49 49 49
49 68 68 68 68 71
71 71 71 49 49 49 71 71 71
71 71 71 71
71 49 49 49 41 41 49
49 40 49 49 49 41
40 53 53 80 71 41
49 49 41 71 71 71 71 49 49
49 71 65 68 71 71
71 49 80 71 71 71 49 49
49 80 71 71 52
49 49 40 70 70 50
49 71 71 71 79 71 71 71
71 71 68 68 68 71 68
71 71 68 68 76 79
71 71 71 71 41
71 71 79 70 71 71 71
71 67 67 71 71 80 79 79
71 71 71 50 41 41 41
41 71 71 71 71 68
50 49 49 49 71 71 71 71
71 76 79 79 79
79 79 79 79 79 49 49 79
79 79 79 79 79 79 49 49
49 49 49 79 80 80 80 79
80 80 71 80 80 79 70 79
79 79 49 49 49 79 79
79 79 79 79 79 79
79 79 79 79 79 79
68 71 71 71 71 68
68 68 71 71 71 71 49
49 49 50 71 71 71 71
71 79 76 79 49 49 79
71 71 71 71 71 71 79
79 49 49 49 79 71 71 71
49 49 49 49 49 71 71 71
71 50 71 68 71 68 71
71 71 71
49 79 79 76 71 71 71 49
49 49 71 71 71 71 71
41 49 40 40 40 41 41 40 40
40 71 71 71 71 49 71 68 41
49 49 49 49 71 71 71
68 41 68 68 71 71 71
71 79 79 79 71 79 79 49
49 70 71 68 68 77
79 71 71 80 80 68
68 68 68 68 49 49 49
49 71 80 79 79 71 79
79 79 79 79 79 38 41 41 68
68 68 71 71 71 71 79 79 79
79 71 71 49 79 79 79 79
68 68 68 71 71 71 71 71
71 71 79 79 0
