53 52 52
79 79 79 79 76
49 49 46 -29 0 0 0 0
-29 0 0 0 0 -149 -149 -149
-179 -179 -179 -179
0 1 1 1 1 1
0 0 46 46
46 46 46 46 46 46 37 37 37
37 37 46 46 64 64 73 73
73 76 76 76
76 76 76 46 19 46 49 73 46 64 37 37
37 37 37 49 49 52 52
79 79 79 79 79 52 52 43 44
43 43 19 21 0 0
0 0 0 0 0 0 0 0 0 0 0 0
0 0 0 0 0 0 80 80 80
80 80 80 80 79 79 76
76 76 80 53 53 53
79 40 41 41 41 41 41
49 49 49 28 31 31 58
71 71 79 79 79
70 40 40 49 49 49 49
49 49 50 49 49 49 41 50 77
80 80 79 79 49 52 79
79 79 70 70 49 49 49 79 79 79
79 79 79 79 70 70 31 31 31
31 31 31 31
31 32 32 0 0 0
0 0 0 0 0
0 71 71
44 53 53 53 53 53 43 79 80 80
52 52 53 80 53 53 71 79 79 79
79 79 76 76 76
76 76 79 43 52 52
52 53 53 53 53 0 0 0
0 0 0 0 0 0 0 0
0 0 0 53 53 53
53 79 52 49 67 70
70 70 70 70 58 58 58
58 70 70 67 58 55 58 40
49 49 41 41 49 49 71 70
70 40 40 40 68 67 67 50 49 19
50 50 50 50 50
50 49 49 40 49 76 76 76
76 76 76 76 76 76 76
46 49 49 49 64 64
67 58 37 37 0 0 0
0 0 0 0 0 -239 0 0 0 0
0 0 1 1 0 0 0
0 0 0 0 0 0
0 0 0 0 0 0 0 0 0
0 0 0 0 0 0 0 0
0 41 41 50
50 50 49 49 49 49 49
49 49 49 49 49
49 49 49 49 41 41 41 41 41
44 71 49 49 49 49
49 49 49 49 49
49 49 49 67 68 32 41 41 68 68 68 68
68 68 69 69 68
68 68 68 79 70 50 41 71
71 41 41 49 67
40 49 46 49 41 41 41
41 41 41 41 41 41 46 46 50 50
50 50 50 50 50 77
49 40 40 41 50 50 50
49 50 50 50
50 76 76 41 41 49 49 49 49
49 76 67 68 49 49 49 49 46 67 76 76 77
76 76 76 76 76 76 76 67 67 76 76
76 76 64 55 55 55 55
55 55 59 59 59 58 58 58 58 58
58 58 55 55 55 55 55 55
58 67 67 67 67 67 67 40 49 50
50 50 46 49 67 40 37 49 49
40 41 41 41
49 49 49 49 49 49
49 49 49 49 49 41 41 41 41
41 49 49 49 49 49
49 50 50 50 49 76 76
77 77 67 67 67 67 67
67 67 67 67 76 76
76 76 76 76 76 76 76
76 76 76 76 76 76 76 76
76 76 76 76 76 76 67 68
49 49 40 19 49 49 49 49 49
49 49 47 47 49 49 49 49 49
41 41 41 41 14 41
40 49 49 49 50 50
49 49 49 50 49 46 46
76 79 76 79 79 49
49 76 76 76 67 64 67 70 70 67 67
68 68 67 64 77 77 68 68 67 67 49 49 49 19
22 64 76 76 64 70 70 70 70
71 40 40 40 40 40
41 41 41 41 41 41 40 40
40 40 40 40 40 41
41 41 41 50 50 24 15
42 32 51 51 42 42
42 39 39 48 42 21 39
49 49 49 49 22 22 49
49 40 40 40 41
68 67 67 67 67 67
68 68 67 67 67
68 68 49 49 49
49 49 50 49 41 41 41 49 49
41 41 41 49 49 49 49 49
49 49 49 19 19 49 49 49 49 49
49 49 49 49 46
76 67 65 67 67 67 67 67
64 68 67 41 41 41 49 49
49 76 49 67 67 67
76 76 67 50 49 49
41 41 41 49 49 49 49
49 49 49 46 50 41 41
41 41 41 49 41 41 41
23 23 50 50 50 50 50 41 41 41
41 41 41 41 41 41 41 41 41 41 41 41
67 67 67 73 65 20 51 51 50 50 50
47 47 50 50 50
50 50
50 46 46 46 46 11
11 11 41 41 41 41 41
41 41 41 41 41 41 41 41
41 41 41 41 41 41 41 41 41
41 41 41 50 50
49 49 50 41 41 41 41 41
41 41 41 41 41 41 41 41 41 19
0 0 0 0 0 0 0
0 0 0 49 49 49 49 49 49 49 49
49 49 49 50 50 50 50 50
41 41 41 41 50 50
50 49 76 76 77 76 76 76
79 79 79 79 67 73 64 64 79
79 71 67 67 67 67 76 76 76 67 41
49 49 41 41 41 41 49 49 50 49 49 49 49
49 76 40 40 40 40 50 51 50 19 49
50 23 50 50 23 50 20 50 41 41 41
14 11 41 41
49 49 49 49 49 49 49
49 49 49 49
50 50 50 50 50 76
76 76 76 77 77 77 77 77 77
77 77 74 74 77 77 78 74 76 79 49
49 50 49 49 49 49 22 49 49
49 49 37 40 67 67 67
68 49 49 49 49
49 40 40 41 46 50 50 50 46 46 46
49 49 49 40 40 40 67 67
67 68 68 41 50 50 50
50 76 76 68 68 68 76 76
77 76 76 76
50 77 79 19 50 50 49
51 24 51 53 43
43 43 52 52 52 52 52 52
49 40 40 31 31
67 76 76 76 79 79 79 79 79
79 79 79 76 76 76 76
76 76 40 40
40 40 40 67 76 50 50
50 50 49 49 49 40 40
40 67 40 40 67 67 46 41 41
41 49 67 50 41 41 49 41
41 41 50 50 50 50 77 79 79
41 41 41 49 49 49 49 49 49
50 50 50 50 50 49 49 49
41 41 41 50 50 41 50 49 49 46
37 46 19 49 49 49
41 49 49 76 76 67 67 77 77
64 67 67 79 79 79 79 79
79 79 79 79 79
79 79 79 79 79 79 79 79 79 79
79 79 79 79 79 79 79 79 40
49 49 41 41 41 41 41 41 41 41
41 40 40 40
40 40 40 40 40 40
40 41 41 41 41 49 50 41 49
49 49 49 49 49 49 49 49 49 50
50 0 0 0 0
0 0 0 0 0 0 1 76
67 70 70 70 43 43 70 70
70 71 71 71 70 70 71 71 50 19
19 49 49 49 49 19 49 40
49 49 76 76 41
49 41 41 46 46 46
49 49 49 74 74 73
64 64 74 52
52 49 51 51 51 51 21 51 51
21 21 51 51 67 67 67 67 79
79 70 70 70 70 71 49
44 44 44 44 41 41 41 77
80 80 80 79 70 44
80 53 53 26 25 25 53 53
50 50 41 41 41 41 40 40 49
49 41 41 41 41 41 41 41 41 50 41
40 40 68 67 68 68 68 67
67 67 67 67 67 67 67 49
49 46 49 49 49 49 76 67
64 64 67 67 67 67 67
67 68 68 68 67 67 67 68 68 68
67 67 40 50 50 50 49 49 49
50 80 80 71 71 71 80 53 71 53 53
80 53 80
44 53 53 53
53 71 50 49 49 49 50 67 41
41 41 41 41 41 41 19 22 49 49 50 50 49 49
49 49 46 46 46 49 49 49 49 19 19
19 19 50 49 49 49 49 50
41 41 49 49 46 76 49 49
49 49 49 49 49 76
77 49 52 77 77
76 76 76 41 68 70
79 79 49 49 49 49 0
0 0 0
0 0 0 0 0
0 1 11 1 49 49 49 49 49 49 49 50 53
53 53 53 53
80 80 50 19 19 19 19
19 49 71 71 71 71
71 71 71 71
71 71 71 71 71 71
71 71 71 71 71 71 71 71 71 71
71 71 71 71 71 70 70 70 61 71 71
71 71 71 71 71 71 71 80 80 71 71 71
71 71 71 71 71 71 71
71 71 71 71 71 71 71 67
68 65 64 64 64 64 64 64
64 64 64 67 40 49 50 41
49 49 49 49 49 49 40 40 40
49 41 50 49 49 49 49 49 49 49 0 0 0
1 1 0 0 0 0 0
0 0 1 0 1 1 1
0 1 0 0 1 0 0 0 1
1 0 0 0 0 0 0 1 -29 -29 1
0 1 0 1 1
1 0 0 0 0 55 59
41 41 41 41 41 49 49 49 41
41 41 41 41 40 37
37 37 37 40 40 49 49 76 0 0
0 0 0 0 0 0
0 0 0 0 81 72 0 0 0
81 80 80 80 80 71 81 54 81 0 0 0
0 0 0 0 0 0 0 0
0 64 64 65 67 67 67 67 67 67
49 49 49 76 76
77 77 71 70 70 70 70 70
70 70 43 52 52 79 79 52 52 53
53 53 53 52 79 52 52 52
70 70 52 52 52 53
53 53 68 65 65 65 65
65 64 64 64 64 67 67 67 67 67
67 46 46 67 67 67 67 67
67 67 67 67 67 67 67 68
68 67 67 67 67 68 68 67 67
67 67 49 49 50
50 79 79 43 43 52
52 52 49 0 0 0 0 0 0
0 0 0 0 0 0 1
80 80 68 77 77 80 77 77 49
49 41 71 71 71 71
71 71 71 71 71 71 71 71 71 71
71 71 71 71 71 71 71 41 41 49
49 49 41 41 49 49 49 49 49
49 49 49 46 46 46 46 49 49 40
67 80 80 80 77 68 70 67 64 64
64 68 68 68 67 64 64 55 55 58 59
64 64 64 70 70 70 70 53 53 80 80
53 26 44 80 80 80
46 76 41 19 49 49 41 71
71 71 71 67 67 67
67 67 65 68 64 64 64
67 67 67 67 67 67 67 67 67 67 67
68 68 68 68 68 68 49 49 76 49 49
49 49 49 49 49 76 76
76 76 76 76 68 67 67 46
49 49 76 73 73 73 76
73 77 67 67 67 50 77 49 71 71
71 71 71 71
70 70 70 71 71 80 71
71 71 71 70 70 71 71 71 67
67 67 59 59
59 59 67 40 76 76 77 77 46 46 49 49
40 40 40 71 68 0 0
51 51 51 24 51 51 51 0 0 0
0 0 0
51 0 0 51 51 51
51 51 51 0 51 21 21
0 0 51 51 48 48 51 51 51 0 51
51 51 51 51 51 0 0 0 20
21 21 21 21 0 21
21 21 21 21 0 0
0 0 0 0 0 0 0 0
0 0 53 0 0 0 0 0
0 0 0 0 0 0 0 0
0 49 49 49 50 50 49 49
49 49 46 52 52
52 52 52 52 43 70 70
70 43 53 44 53
26 79 52 52 52
52 52 25 25
43 43 71 77 77 77 64 64
64 64 68 68 49 52 52 49
49 49 77 76 76 76
49 49 49 49 49
41 41 49 49 76 76 76 79 79
76 49 49 49 49 49 49 52 52 52
52 52 52 52 41 40 76 76 76 76 67
68 68 67
58 58 58 67 67 40 50 41 41 41
50 41 41 41 41 41 41 41 41
41 41 50 50 49 50 49 49
49 49 67 67 67 67 76
76 76 49 49 49 49 49 46 46 49
49 49 49 49 49 49 49
19 19 19 11 71 71 71 43
53 80 53 53 53
26 53 53 50 20 76 68 41 76 41
50 79 79 79 79 67 41 71
71 71 71 71 68 64 64 71 71 71 71
28 28 28 1 1 1 1 31 1 28
28 1 1 1 1 1 1 1 1 1 1 19 1
1 1 1 1 31 31 31 31 28
28 1 1 1 1
1 1 1 1 1
1 1 1 1 1 37 28 0 0
0 0 0 0 0 0 0
0 0 71 71 71 71 71 71 71
71 71 71 71 71 71 71 71 71 71 71
64 64 64 64 64 64 64 67
67 67 67 68 67 67
67 67 67 67 67 49 1 1 1
1 1 1 1 1 1
10 0 0 0 0 0 0 0 0 0 0
0 0 61 61 61 52 25
25 43 43 59 61 59 58 71
76 70 71 81
49 49 49 53 50 50 80
80 80 80 80 50 50 22 49 1
1 1 1 1 1 1 10 0 0 0
0 0 0 0 0 0 0 0 0 0 0
0 0 1 0 0 1 1 0
0 0 0 0 0 0 0 0 0 0
0 0 0 0 43 43 70 79 80 80 71 70
61 58 67 76 76 73
73 73 79 76 76 76 76 76 49 40 10 49 49 79
41 41 41 41 49 41 49 49 49
49 76 77 77 77 68 68 68 58 67 58 58 58
58 58 58 67 67 68 68 49 49 79 43
79 80 44
43 62 62 19 19 19 19 19
20 20 19 20 20 20 20 20 20
21 21 21 21
21 20 20 20 19 19 0 0 2 1
1 0 0 0 0 0 0 0 0
0 0 0 0 0 0 0 0
0 0 0 0 79 79 79 79 79 79
79 79 79 79 79 79
70 79 79 79 80 80
79 76 68 68 67 68
68 71 71 71 71 71 80 70
70 49 79 80 71 70 70
70 71 71
49 52 79 76 49 44 41 79 70 41 49 49
49 49 79 49 49 79 41 49 49
49 50 68 77 67
67 68 65 65 68 68 67 67 67 67
67 67 68 68 67 67 68 71
80 80 53 53 80 79 49 71
71 41 49 49 41 41
41 41 49 49 49 49 49 49 49
41 41 40 40 40 40
40 19 49 49
46 67 77 80 70 67 67
77 77 77 77 68 46 22
52 52 44 49 49 49 23 53 53 53 53
53 80 76 76 49 79 79 70 67 67
71 70 71 70 52 52 52 79 79
80 80 41 49 79 79 71
71 71 49 41 41 50
41 41 41
41 41 68 77 77 77 77 77 77
76 77 77 76 76 76 76 76
76 77 77 77 64 64 64 67 67
67 67 67 67 67 40 49 49 49
49 46 46 49 40 67 77 80 80 80
80 71 71 71 71 80 80 71 71 71
44 71 80 77 71
70 21 0 0 0 0 0
0 0 0 0 0 0 0 0 70 70
71 71 71 71 71 71
71 71 71 71 71 71 71 71 71 71 71
71 71 71 71 71 71 71 71 71
71 71 71 71 71 71 71
71 71 71 71 71 71 71 71 71
71 70 68 68 41 49 76 49
38 68 68 59 59 59 59
67 67 67 59 68 67 67 77 76
76 76 76 67 67
76 76 76 76 76 76 76 76 76 76 76
76 76 68 67
79 49 49 49 49 49
49 50 50 49 41 49 49 49 49 49 76
50 50 50 49 49
49 49 49 49 49 49 49 49 49 49
49 49 49 49 49 49 49 76 76 76 77 77 76
76 76 76 77 77 76 76
46 49 49 49 50 50 50
50 41 41 41 41 41 41
41 41 49 40 40 77
77 73 78 78 78 77 74 73 76
77 77 77 76 77 68
68 77 77 77 77 77 73 73 76
76 76 73 73 64 64 77 77
77 76 76 76 77 64 67 67 37
37 13 49 49 49 49 49 49 49 49
49 50 49 49 49
49 50 49 49 49 49 70 70
70 52 52 52 79 79 79 79
52 52 52 52
52 79 79 79 79 70 70 70 79
79 79 79 79 79 79 79 49 67 70
70 70
70 70 70 70 70 70 70
70 70 70 70 70 70
70 70 32 68 68 68
68 64 65 67 67 64 64
64 67 67 64 74 65 64
64 64 64 64 64 64 64 64
64 64 64 41 41 50
47 41 41 41 19 50 41 41
19 41 41 41 41 41 20 11 11
41 41 14 41
41 41 41 41 71 71 71 71 71 71
71 71 41 52 53 52 41
41 41 41 41 19 19 19 19 19
46 0 0 0 0 0
0 0 0 0 0 0 0
0 0 0 0 0 0 0 0
0 0 0 0 0 0 0 0
1 1 1 38 68 71 71 68 67
41 41 41 47 47 47 47 41
41 41 51 51 51 51
51 51 51 51 51 51 51 51 49 0
0 0 1 0 0 0 1 11
41 41 41 19 19 47
19 19 19 19 14 14 14 11 11 19
19 19 19 19
19 19 19 10 10 37 49
49 41 50 50 50 50 50 50
49
