52 52 43 79 79 79 79 79 79
79 79 79 79 79 79 79
79 79 79 80 79 79 79 79 79
79 79 79 79 79 70 70
70 79 79 79 79 79 79 79
79 79 79 79 79 79 79 79 79
79 79 79 79 79 79 79
79 79 79 79 79 79 79 79
79 79 79 79 79 79 79 79 79
70 79 79 79 79 79 79
79 79 79 80 80 79 79 79
79 79 79 79 79 79
79 79 79 79 79 79 79 79 79
79 79 79 79 79 79 79
79 79 79 79 79 79 79 79 79
79 79 79 79 79 79 79 79
79 79 79 79 79 79 79 79
79 79 79 79 79 79
79 79 79 79 79 79 79 79
79 79 79 79 79 79 79 79 79
79 79 70 70 79 79 79 79
79 79 79 79 79 79 79 79
79 79 79 79 79 79 79
79 79 79 79 79 79 79 70
79 79 79 79 79 79 79
79 79 79 79 79 79 79 79
79 79 79 79 79 79 79
79 79 79 76 76 76 76 79
79 25 52 25 25 52 52
79 79 79 79 79 79 79
79 79 79 79 79 79 79 79
76 71 80 80 79 79 79
79 79 79 79 79 79 79 79
79 79 79 81 80 79 79 79
79 79 79 79 70 70 70
79 79 79 79 79 79 79 79
79 79 79 79 79 79 79
79 79 79 79 79 79 79
79 79 79 79 79 79 79
79 79 79 79 79 79 79
79 79 79 79 79 79 79 79 79
79 79 79 79 79 79 79
79 79 49 79 79 79 79
79 79 79 52 51 51 51
81 53 52 52 52 52 52 79
43 34 35 70 79 79 70 70 79
79 80 79 70 79 80
80 79 79 79 79 79 52 79
79 52 34 34 34 34 34 34
43 43 43 52 52 63 70
71 79 79 79 79 79
79 79 79 79 79 79 79 79
80 79 79 79 43 70 70 80 79
79 79 79 79 79 79 79 79 79
79 79 79 79 79 79 79
79 79 79 79 79 79 79 79
79 79 79 79 79 70 34 79
79 79 79 79 79 79 79 79 79
79 79 79 79 79 79 79 79
79 79 79 79 79 79 79 79
79 79 79 52 79 79 79
79 79 79 79 79 79 79
79 25 25 25 79 79 79
79 79 79 79 79 79 79
79 79 79 79 79 79 79 79
79 76 79 79 79 79
52 52 52 80 79 79 79 49
49 49 52 80 71 70 52 52
43 70 79 52 79 79 79
49 79 49 49 79 79 52 43
79 79 79 79 79 79 40 31
79 79 79 79 79 79 79
79 79 79 79 79 79 79 79
79 79 79 79 79 79 43
79 79 79 79 79 79 79 79
70 79 79 79 79 79 79
79 79 79 73 73 71 79 79 79
79 79 76 79 76 79 79
79 79 79 79 79 79
49 79 52 52 79 79
79 52 34 63 79 79 79 79
79 79 79 79 49 49
49 49 79 79 79 79 79
79 79 80 79 79 25 25
52 52 79 79 79 79 79 49
49 79 79 79 79 79 79
79 79 79 79 79 79 79 79
79 79 79 79 70 79 79
79 79 79 79 79 79 79 81
80 80 79 79 79 79 79 79
79 79 79 80 79 79 79 79
52 79 79 79 71 52 52
79 76 79 79 79 79 79 80
79 79 79 79 79 79 79 79 79
79 79 52 79 79 79 77
78 77 77 51 76 49 49 76 77
77 78 74 74 74 79 79 79
79 79 79 79 52 79 79 79
52 19 19 19 49 49 80 71 79
52 79 79 79 79 79
79 79 80 79 79 79
79 79 79 79 79 79 80
79 79 79 79 70 79 79 79
79 79 79 79 79 79 79 79
79 79 79 79 79 79 51
81 80 80 79 79 79 79 79
79 80 52 52 79 52 79 79 79
52 79 79 79 79 79 79 79
79 52 79 79 79 79
79 76 76 76 76 81 81
79 79 79 79 79 79 79 49
79 79 79 79 79 79 79
79 79 79 79 80 80 80
79 79 79 54 81 81 79 79
79 79 79 79 79 79 49
49 49 49 49 49 49 79 79 52
79 79 79 79 79 79 79
79 79 79 79 79
79 79 79 79 79 79 79 79
49 49 79 41 41 41 71 79
79 79 79 49 79 79 79 79 79
79 79 79 79 79 79
79 79 79 79 79 79 79 79 71
71 79 79 79 71 79 79 79
79 79 76 77 78 79 79
79 70 79 70 79 79 79 79
79 79 70 79 79 79 52 52
52 43 52 79 79 79
79 79 79 79 79 79
79 79 70 71 79 79
80 80 71 79 79 79 79 49
49 79 79 79 79 79 79
79 79 79 49 49 79 79
79 79 79 79 79 79 79 79
79 79 79 79 79 79 79
79 79 79 79 79 79 79
79 79 79 79 79 71
79 79 79 79 79 79 79
79 79 79 79 79 79 79 79
79 79 79 79 76 76 71
79 79 79 79 79 79 79
52 52 52 79 52 79 79 79 49
49 79 79 79 79 79
79 79 79 79 79 79
50 50 80 50 81 81 52
80 80 80 76 76 76 76 76
76 79 79 79 79
79 79 79 79 79 79 79
79 79 79 70 79 70 61 70
79 79 79 70 70 70 70
79 79 79 79 79 79 79
79 79 79 79 79 79 79
79 79 79 79 70 79 79
79 79 79 79 79 79 79
79 79 79 79 79
81 79 79 79 79 79
79 79 79 79 79 79 79
79 79 79 79 79 79 79
79 79 79 79 79 49 19 19 19 19
19 79 79 79 52 79
71 79 79 79 79 79 79 79 79
79 79 79 79 79 79 79
79 79 79 79 79 79 79
79 79 79 79 79 79 79
79 79 79 79 79 79 79 79
79 79 79 79 79
79 79 79 79 79 79
79 79 79 79 79 79 79 79
79 70 79 79 79 79 79
79 79 79 79 71 79 79 79
79 79 79 79 79 79
79 79 79 79 79 79 79 79 79
79 79 79 76 76
77 77 77 79 79 79 79
79 79 79 52 52 52 79 79
79 79 79 76 80 80 76 79 79
79 79 79 79 61 79 79
79 79 79 79 79 79 79
79 79 79 79 79 79 79 79
79 79 79 79 79 79
79 79 79 79 79 79 80
79 79 79 79 79 79 79
70 70 79 79 79 79 70
79 79 79 79 79 79 79 79
79 79 76 77 76 79 79 79
79 79 79 79 79 79 79
79 79 79 79 79 79 79 79 79
79 79 79 79 79 79 79
79 70 79 79 79 79 79 79 79
79 79 79 79 79 79 79 79
79 79 79 79 79 79 79 79
79 79 79 79 79 79 79 79
79 79 79 79 79 71
79 79 79 79 79 79 79 79 79
79 79 79 79 79 79
79 79 79 70 79 70 70 79
79 79 76 77 80 79 79 79
43 22 49 79 79 79 79
79 79 79 79 79 79 79 79 79
79 79 79 79 79 79 79 79
70 79 79 70 79 79 70
70 80 79 80 80 79 79
79 79 79 79 79 79 79 79
79 79 70 79 79 79 79
79 79 80 79 79 79 79
79 79 79 79 79 79 79
79 71 79 79 79 79 70 70
79 79 79 79 79 79 79 79
79 79 79 79 79 79 79 79
79 79 79 79 79 79 79
79 79 79 79 79 61 61
63 79 81 79 79 79 79
79 79 79 79 70 79 79 79 79
79 79 79 52 52 43 70 71
70 52 52 71 79
79 79 79 79 79 79
70 79 79 79 80 80 79 79
79 79 79 79 79 79 79
79 76 77 78 80 77 76 76
70 52 79 79 79 76 79
79 70 79 79 79 79 79
79 79 79 79 79 79 52 52 52
79 79 79 79 79 79 79 79 79
79 77 79 79 79 79 79 79
79 79 79 71 79 79 71 71
79 79 79 79 70 79
79 79 79 79 79 79 79 49
49 49 49 79 79 79 71 79
79 79 79 79 70 79 79 79
70 70 61 79 79 79
80 79 79 79 79 79 79
79 79 79 79 79
79 80 79 79 79 79 79
79 79 79 79 71 79 79 79 79
79 80 79 79 79 79 52
79 70 79 79 70 79
79 79 79 79 79 79 79 79
79 79 79 70 79 79 79
49 49 49 70 79 79 79
79 79 79 79 79 79 79 79 79
79 79 79 79 79 79 79 79 79
79 79 79 79 79 79 79 79
79 79 79 79 79 79 79 79
79 79 79 79 79 79 79 79
79 79 79 79 79
79 79 79 79 79 79 79 71
79 79 79 79 79 79 79 79 79 79
79 79 79 79 79 79 79
76 73 73 73 80 49
76 79 79 79 79 79
79 79 79 79 79 79 79
79 79 79 79 79 79 79 79 79
79 79 79 79 79 79 79 52
79 79 79 79 79 79 70 40
40 40 31 31 31 31 61 70 70
62 70 70 79
79 79 70 70 79 79 79 70
70 71 79 79 79 79 79 79
73 73 73 77 77 76 76 81
81 81 79 77 76 76 77
81 80 49 80 81 79
79 79 79 77 76 79 70
61 61 61 71 70 79 79
79 79 79 79 79 79 79 52
80 52 79 79 79 79
79 79 79 79 79 79 79 79
79 80 79 79 79 79 49 49
79 79 79 79 79 79 79 79
79 79 71 79 79 79 79
79 79 79 80 79 79 79 79
79 79 79 0
