52 53 50 40 49 79 70 52 79
70 49 49 79
76 52 70 1 11 1 1 1
1 1 1 1 1 0 0
0 0 0 0 79 79 79 79 79 79
79 79 79 79 79 79 70
31 34 71 79 71 79 79
79 71 71 50 51 51 24 54
51 24 51 51 80 71 49 49 49 52 40
49 49 79 79 79 79 79
79 79 79 79
79 79 16 25 79 79 0 0
0 0 0 0 0 49 49 79
67 70 31 58 61
31 31 31 58 79 79 70 67 67 79
79 22 49 22 52 52
76 52 49 49 49 49 61 34
76 49 52 70 71 80 80 53
49 76 49 70 70 51 53
19 19 19 19 19 19 19 19
31 58 31 31 31 31 31 79 43
70 70 50 21 0 0 0 0 0 0
0 0 0 0 0 0 0 0 0 0
0 0 0 0 0 0 0 0 0 71 52 52
52 49 49 70 40 61 61
31 31 31 61 61 70 70 70 70 70
70 76 67 67 67 70 70 67
70 70 67 70
70 70 70 70 79
79 79 79 79 49 79 79 49 49 52
49 49 40 31 31 31 31 31 71
41 41 41
44 51 51 53 0 0 0 0 0
0 0 0 0 76
67 70 79 80 80 71 71 71 71 70 67
64 67 64 67 67 67 67
67 58 58 70 31 70 52 52
52 52 52 52 52 70 52 80 79 79 70 67
76 73 64 64 76 70
31 58 31 31 31 31
61 70 49 80 43 71 71 71
70 46 46 46 46 46 46 46 46 46 46 46
46 46 46 46 46
20 47 11 11 11 38 47 47 38
38 11 11 11 11
49 79 79 76 76 76
79 71 77 77 79 70 40
49 49 79 79 79 79 52
70 71 49 52 52 52 52
52 52 52 52 52 52 52 52 52
79 79 52 53 54
53 50 51 80
50 52 52 52 40 31 28 28 31
28 28 31 31 31 28 28 31 40 70 53
50 49 49 49 49 52 52 71 71
70 67 73 70 70 79
50 51 54 54 53 52 79 70 40 40
40 58 58
31 61 61 61 61 70 71 68 67
70 70 52 50 53 52 52 79 79 79
79 79 79 79 79 79 79
67 67 67 73 76 58
31 1 31 31 31 31
31 31 31 31 55 55
55 64 64 64 64 64
64 31 31 58 61 61 31 31
61 61 61 79 70
70 70 70 70 70
70 70 70 70 40 40 58
0 0 0 0 0 0 0 0 70 49
43 70 61 61 61 40 70 76
40 76 70 70 51 51 51 80
79 43 64 64
40 31 58 58 58 58 70
70 67 67 49 49 49 67
67 61 61 61 70 70 40 31
58 58 58 58 58 67 67 67 76
76 67 67 70 70 67 67 67 70 46 38
38 67 37 67 31 31 31
31 31 58 58 49 79 80 80 80
79 70 70 70 70 61
61 61 34 31 49 79 79 76
70 70 70 50 40 70 70 70
61 61 61 43 50 81
81 80 80 80 49 49 79 70 67
67 70 70 67 67 67 67 67 67
64 64 64 67 67 67 67 67 67
67 31 31 80 79 70 70 0
0 0 0 0 0 0 0 0
0 50 52 80 51 51 51 51 78 54
52 52 52 52 52
52 70 62 62 70 70 70 70 52
79 79 79 79 79 79 79 79 79 79
79 79 70 79 79 79 79 52 52 52 52
52 52 52 79 68 67
67 67 67 31 31 31 31 40
49 49 76 79 70 70 70 70 70
52 80 53 53 53 53 53
53 53 80 80 53 53 53
53 53 79 79 52 52 52 26
53 53 52 53 26 26 26 26 26 26 53 26
79 79 52 52 26 26
26 17 34 34 44 44 53 80 80 53 53 53
53 53 53 53
53 53 44 44 71 62 62
62 62 62 79
79 71 71 31 31 31 70
70 70 67 67 67 70 79 76 73 76
76 76 67 70 79 79 79 49 40
44 70 70 70 76 67 67 76
67 67 70 49 49 49 49 40 70
61 61 76 79 79 79
79 79 79 79 79 79 79 76 76
73 73 70 61 58 58 67
67 76 79 76 76 79 79 80
49 50 53 80 80 80 80 80 80 80 80
80 80 79 61 61 70 31
31 67 67 70 67 58 31 31 31
71 71 53 53 53 53 53 71
71 53 53 53 53 80 80 80 80 53 50
76 70 70 70
70 70 70 67 67 67 67
67 67 67 67 67 52 53 53 50
80 50 50 22 49 49 49
67 67 67 67 67 67 67 67
64 64 64 64 64 64 1 31
67 67 67 76 79
79 79 79 79 79 79 79 49 70
71 71 0 0 0 0 0
0 0 0 0 0 0 0 0 71
67 70 49 70 70 70 53
80 77 49 43 50 50 54
26 53 80 71 40 58 61 67 40
41 71 31 31 41 41
44 70 70 40 44 41 49 49
76 52 61 31 40 43
50 50 50 49 79 40 40 70
70 49 49 79 79 79 70
67 67 67 70 67 67 70 40 40 49 49 79
70 40 79 79 77 76
67 67 67 70 49 80 40 70 70 70
67 67 67
67 67 67 67
70 68 68 70 70
79 79 49 41 70 70 67
67 31 40 31 31
58 55 58 58 58 58 58 58 58 55
58 55 58 58 31 31 31 31 61
70 49 49 70 79 50 54 53
41 43 70 70 43 43 49 49 49 76
67 67 67 67 64 67 67 40 49 79
70 44 44 79 70 49 76
79 67 64 64 64
64 31 49 79 79 79 70 52 53 80
53 53 70 53 53 51 51 54 80 40
58 58 58 67 67 67 67 67 67 67
67 40 40 31 31 40
49 67 67 70 70 67 67 67
67 58 31 31 31
31 31 58 40 40 40 67 67
67 67 70 67 70 70 70 70 70 70
67 70 43
50 50 51 51 50 80
80 80 80 80 79 40 31
67 67 67 49 49 49 49
49 49 52 49 52 79 79 79 79 40
40 49 40 40 55 55 58 67
61 61 71 71 81 41 71 61 61 61 61
61 61 70 76 70 50 81 81 54
50 23 50 80 50 67
70 37 31 67 70 70 58 31 31
31 31 31 49 49 49 49
79 79 50 71 50 76 67
41 41 41 41 41 70 70 40 40 40 40 40
40 40 71 51 81 41 40 40
40 40 40 40 61 79 79 71
80 80 71 40 70 70 70
52 43 40 49 40
40 70 70 67 70 70
70 67 67 67 67
67 31 31 64 64
67 67 67 67 67 49 49 49 52
52 49 49 40 49 49 52 52 52 49
22 49 40 58 31 61
61 79 44 71 71 71 71 53 53
0 0 0 0 0 0
0 0 0 0 40
70 70 67 67 67 67 67
67 31 31 58
58 31 58 64 64 67
28 31 31 31 31 58 43 76
53 78 81
80 80 80 68 41 41 41
40 40 67 67 70 40 40 70 70
70 79 79 70 70 67
70 79 71 70 70 70
70 70 40 70 70 61 31
31 58 61 79 79 70 70 70 70 70 61
40 40 40 49 49 52 49 79 70 0
0 0 0 0 0 0 0 0 0 0
0 0 0 0 0 0 0 0 0 0
0 0 0 0 0
0 0 0 0 0 0 0 0 0
0 0 0 0 0 0 0 0 0
0 0 49 79 79 79 52
70 70 70 79 70 70 70 70
67 67 67 67 67 31 31
58 31 31 31 31 58 67 67 67 67
67 67 67 67 67 67 67 40 49
71 79 70 71 71 71 61
61 61 70 70 70 67 70 70
70 70 70 70 70 52
52 52 52 52 52 52 52 79 71
49 79 70 61 61 70 70 70 70 70 79
70 70 70 67 70 71 49 49 49 49 70 70
61 31 31 31 31 31 49 67 70
70 70 50 71 40 70 80 51 51
80 49 67 70 70 67 67 58 64 67 76 79
71 70 79 70 70 52 49 79 70 70
67 61 40 1 0 0 0 0 0
0 0 0 0 0 0 0
0 0 0 0 0 0 0 0 0 0
0 0 0 0 0 0 0 0 0
0 0 0 0 0 0 0 0 0
0 0 0 0 0 0 0 0
0 0 0 0 0 0 0 0 0 0 0 52 52
43 70 43 70
61 62 62 70 43 43 52 79 79 52
79 52 79 52 79 52 52 50 71
80 77 44 44 71 71 44
50 49 49 40 70 70
70 70 70 70 51 23 49 79 52 70
31 31 31 31 67 70 70 70 40 40 31
31 31 31 31 31 28 40 40 67 70
50 49 41 41 40 1 0 0 0 0
0 0 0 0 0
0 0 0 0 53 80 80 53 53 53
53 80 80 80 70 70 34
58 58 31 31 58 58 58 58
40 40 19 19 49 49 49 49 49 49 49
70 61 70 61 52 71 71 52 49
49 49 49 49 49 49 49 67 64 67
67 67 70 40 37 31 31 51 51 51 51
51 51 51 51 51 51
51 51 51 51 51
51 51 51 51 51
51 51 51 51 51 51 51 51 51
54 54 51 51 54 54 54 54 54 51
51 51 51 70 70 40 49 79 49 49 49 49
49 71 71 71 71 71 80 80 80 71
70 58 31 31 31 61 61
40 49 79 79 70 71 70 49
49 40 49 40 41
41 41 40 31 1 1 31
31 79 79 52 52 52
71 70 70 31 31 31 58 31
58 58 58 58 58
58 70 67 67 67 70 70
70 67 67 43
61 61 46 46 49 49 70 70 70 70 43 40
50 53 70 70 31 31 58 58 61
31 31 31 31 31 31 49 70
70 70 70 76 67 67 67 67
67 67 67 67 67 67
67 67 67 70 76 67 70 70 67 70
67 61 61 31 31 31
31 31 31 31 40 40 31 31 28
58 58 67 67
67 40 67 67 70 70 70 67
67 67 67 70 70 70 76 70 70 70 70
70 70 71 71 71 71 49 79 70
70 76
41 71 71 40 70 71 52 79 70
70 70 70 67 67 67 58 28
28 28 31 40
52 40 49 79 79 43 71 71 76 0 0 0
0 0 0 0 0 76 70
67 49 49 49 49 49 49 49 40 67 67
70 70 70 49 70 70
61 34 70 67 67 70 70 49
79 49 49 49 49 41 49 73 37
64 64 37 73 76 80 79 52 52 52
49 79 79 79 79 49 67 67
70 70 70 79 76 67 67 67 67 67
76 76 76 76 79 79 79
79 79 79 79 76 79
79 79 49 79 70 70 67 70
70 70 77 50 50 49
76 70 70 67 70 71 43 49
49 43 49 49 49 49 70 70 70
70 70 67 64 67 64 67 67
70 70 79 80 52
52 52 52 79 67 64 67
67 67 67 67 67 67 49 51 51 51
51 51 50 49
49 49 49 19 49 67 64
31 58 58 61 61 61 52 52 52
79 52 50 49 49 49
49 49 49 49 70 61
58 58 58 58 58 40 70 70 79
50 81 81 43 49 52 79 52 50
46 50 50 80 64 67 76 50
50 49 49 49 67 58 31
31 58 67 67 67 70 76
76 76 67 67 79 76 79 70
76 76 40 40 23 50 50 50
40 67 70 61 58 31
58 58 49 79 79 76
79 49 79 79 49
70 70 80 76 50 80 67 67 70
49 40 70 70 70 76 52 49 49
71 71 71 71 71 71 52
79 49 49 70 70 71
80 80 80 53 71 71 71 71 71
71 71 40 31 61 61 76 71 71 70 76
70 0 0 0 0 0 0 0 0 0
41 40 40 79 50 50 50 70 40 31 40
49 49 49 67 67 67 52 52
50 22 49 41 41 41
41 19 46 37 46 41
40 40 49 49 40 40
40 40 40 40 31 58 61 67 70 40 67
40 40 40 40 11 11 11 0 0
0 0 0 0 0 0 0 0 0 0 0
79 79 79 79 79 49 79 70 70 70 70
70 52 49 76 70 71 71 19
19 22 49 49
49 52 70 79 49 49 49 49
79 43 49 79 79 79 53 23 41
50 50 23 21 23 80 79 49 49 79 52 50 50
24 51 50 76 76 49 52
79 40 49 70 70 70 40 67 70 50 50 51
51 51 49 40 70 58 70
70 31 58 61 31 31
58 70 31 28 31 28 31 40 49 49 71 71
79 67 67 67 79 70
49 49 79 79 79 70 41 40 49 70
49 79 79 76 67 70
70 67 70 61 28 28 31
31 40 67 70 61 61 61 31 28 28
31 55 31 55 55 55 40 49 70 70
70 76 76 43 76 70 76 79 80
81 80 79 79 52 25 25 25 25 25
52 50 24 21 51 51 51 51 50
50 49 49 49 76 49 40 40
58 31 31 58 67 70 71 71 71 49 49
43 71 71 40 40 61 61 49 79 50 81 77 76
71 71 49 49 49 76 79 49
49 79 79 76 67 67 50 49 49 70
49 49 52 50 53 80 67 67 67 67
71 71 40 71 71 67 67
70 70 79 80 51 51 51
51 50 50 50 50
50 49 49 40 49 76 49
49 41 49 49 49 49 52 52 79 79 70 70
70 70 70 31 31 43 70 70 70 71
71 70 70 70 70 70
62 70 49 79 76 70 79 79 79 79 79 79
79 79 79 79 79 79 79
79 79 79 79 79 79 79 79 79 79 79 76
76 79 79 79 79 79 79 79 79 79
79 79 79 79 79 79 79 79 79 79
79 79 79 79 79 79 70 79 79
79 79 43 19 49
70 70 70 70 70 70 70 70 70 70
70 70 67 67
67 67 67 67 70 70 70 70 70 70
70 70 67 67 67 67 67 67 67 67 70
70 70 70 70 70 70 67 67 67 70 43 61
61 61 67 40 31 31 31 31 40 49
49 49 70 80 51 51 51 51 70
70 49 49 79 43 70 67 67 70 70 70
70 70 49 49 76
79 79 71 49
49 49 76 49 70 70 70 67
70 79 79 76 76 79
76 79 79 76 76 79 76 76 76 76 76 76
79 79 79 79 79 79 79 79 76
76 76 79 79 79 79 79
79 79 79 79 79 79 79 76
76 76 76 76 79 79
79 79 79 76 79 77 77 67 79
0 0 79 79 79 79 79 79
79 76 76 79 79 79 79 79 79 79 76
76 76 76 76 76 76 76 76 76
79 79 79 79 76 76 76
76 76 76 76 76
76 76 79 79 79 79 79 79
79 70 76 50 50 50 49 70 71 70 61
28 28 64 31 31 64 76 76
49 19 19 19 41 41
41 49 49 49 49 46 49 49
49 76 76 76 76 79 52
52 50 51 51 51 74 50 68
71 70 70 40 40 61 61
28 28 31 31 31 31 40 40 58 61
49 79 71 71 71
71 58 58 58 28
31 31 70 70 80 80 80 80 79 70
79 79 76 40 70
61 61 61 61 61 70 70 70 70 70 79 79
70 70 70 70 67 70 67 67 67
70 0 0 70 70
0 0 0 70 79
79 79 79 79 49 49 49
70 70 76 44 44 70 70 43 70 70
71 71 50 49 70 70 67 61 61
61 70 70 70 70 79 70
70 52 79 79 79
79 49 70 49 79
70 80 53 80 80 52 79 79
79 70 70 52 71 71 71
80 80 71 71 49 49 76 79 52 49 70
70 70 64 64 67 67 70 70 76
79 79 80 50 79 79 25
52 52 25 25 52 79 52 34 70 49 76
76 70 70 71 71 71
70 49 49 79 49
49 49 49 40 49 49 79 79 79
79 79 70 31 31 70 71
71 40 49 49 49 79 79 40 31
31 31 4 40
49 49 67 79 76 70
79 79 49 79 70 70
40 43 80 50 54 81 80 49
49 49 49 19 19
19 19 46 10 49
49 46 40 71 49 71
70 61 61 49
79 79 79 70 67 67 67 64 37
64 64 67 67 67 67 67 67 67
67 76 76 77 76 76 76 67
31 28 28 28 31 58 58 58 67 67 67 67
67 76 80 81 81 81 45
79 79 70 61 31
58 58 70 70 67 70
70 70 71 71 67 67 67 49 67
40 67 67 43 51 51 51
51 71 31 31 31 70 70 58 64
67 67 37 64
64 67 67 67 40 49 76 76 70
67 70 61 76 52 49 79 50
80 79 76 40 70 70 70 67
67 67 49 67 71 71 68 67 67
70 70 67 67 70 70 70
67 67 67 67 46 46 22 49 49
49 49 79 67
58 31 31 31 31 58 58 49 52
49 79 79 79 70 49 71
71 71 71 71 71
71 49 79 80 71
49 49 70 70 61 61 61 61 61
70 70 70 61 61 70 70 70 70
79 70 70 70 67 67 70
49 49 49 49 49 76
76 67 76 76 49
79 70 43 50 50 51 50 54 53
53 53 53 53 52 52
52 52 52 52 52 52 52 71 50 49 49
79 67 67 34
31 67 70 70 67 67 43
49 43 67 67 67 70
49 71 71 71 71
71 70 49 79 79 49 52
52 52 52 52 25 50 50
50 40 40 40 70 70 70 49 0 0 0
0 0 0 0 0 0 0 0
0 0 0 70 67 70 67 67
31 31 31
10 19 19 19 49 79 19
49 49 49 79 53
51 81 49 49 49
70 70 70 67 67 67 67 67
67 67 67 67 67 70 70
53 51 51 51 51 51
51 50 50 49 22 19 49 76 76 76 70
67 40 67 67 70
79 49 49 79 49 49 19 19
19 19 49 49 40
50 50 52 52 52 52 50
50 49 49 49 79 71 80 79 79 76 70
70 31 31 62 61 52
67 52 50 49 52 52 52 53
51 51 51 50 50 50
50 50 50 46 40 52 50
49 76 76 76 67 70 70 61
58 58 61 40 40 67 71 80 77 70 70
70 77 49 70 70 70 70
70 70 70 70 70 70 70 70 70 76
1 0 0 0 0 0 0
0 0 0 0 0
0 52 79 79 79 79 79 79
79 79 79 79 79 79 79 76 73 73
73 76 79 79 79 79
79 79 79 79 79
79 79 79 79 79 49 49 79 70 70
50 49 80 79 79 49 22 49 67 67
67 79 43 49 79 71 71 71 71 40
41 41 71 43 71 71 71 44 44 41
44 67 70 70 70 70
40 46 46 76 46 46 49
49 49 49 49 49 70 70
40 61 61 61 61 61 70 49 49
79 79 79 79 79 79 67 67 67 58 58
58 31 31 31 31 31
31 49 49 49 49 70 49 43 43
49 49 76 76 76
67 70 70 70 70 70 70 70 70 70
70 70 70 70 67 67 67 67 67
67 67 67 64 70 67 67 67 70 40 40 70
70 70 79 67 79 76 49 49
49 49 49 49 49 49 76 49 76
76 49 79 67 70 70 70 79 76 76
70 51 51 51 50 54
53 52 52 52 52 25 52 22
19 49 79 67 67 70 70 70
70 49 49 52 52 49 49 49 49 49
76 79 79 79 50 51
51 51 51 51 51 51 51 24 50
41 40 40 40 40 40
76 49 52 79 70 70 49 49 49 76
71 71 71 71 70 70 70 70 52 79
71 52 0 0 0
0 0 0 0 21 47 70 67 40 40
40 70 70 70 70 67 31
31 31 31 58 61
61 79 79 48 49 49
40 67 65 38 38 65 67 67 67 52
52 52 51 51 51 50 49 49
52 52 49 49 49 40 40 40 41 44 44 50
50 49 49 79 49 71 71 71
79 0 0 0 0
0 0 0 0 0 0 0 0
0 0 19 49 49 79 79
79 50 24 21 24 24 24 24
24 40 40 40
61 61 76 52 79 71 70
70 70 70 67
70 70 70 70 70 70 70 70 70 70
70 70 70 70 70 49 49 79 52 49 79 79
70 79 79 79 79 76 76 76
76 76 76 76 79 79 79 79 79 79
79 79 79 79 79 79 79 79
79 79 79 79 79 79 79
79 79 79 79 79 76 76 76 76
76 76 76 76 76 76 76 76
76 76 76 76 76 76 76 76 76
76 76 76 76 76 76 76 79 79 79 79
79 79 79 79 79 79 79 79 79
79 70 79 41 49
79 79 79 79 76 71
71 76 76 76 79 76 41 44 71 71 71
80 71 71 49 49 49 70 49 49
76 76 76 76 76 76 76 76
76 76 70 70 70 70 71 49 70 70 70 70 70
70 49 49 70 71 50
49 79 79 79 79 76 80 80 80 79
49 49 34 61 61 43 40 40 49 49 79
71 80 49 49 70 67 70 70 70 70 70 70
70 52 79 76 76 81 49 80 54 76 71
76 49 79 79 52 52 52 22 22 22 22
41 52 79 52 52 52
51 51 54 50 79 49 49 76 79 80
80 51 77 70
70 43 73 67 73 71 49 49 76 67 64 67 70
70 70 49 79 79 52 49
79 71 71 67 67 67 31 28
31 1 31 31 31 31 67
67 67 67 67 67 70 49 79
70 67 67 67 70 58
58 58 67 0 0 0 0 0 0 0
0 0 1 31 79 52
79 70 70 67 67 58
61 61 61 61 61 61 61 61 61
61 79 76 76 79 79 79 79 79 79
79 79 79 79 79 76 79
79 79 79 76 79 79
49 22 25 79 79 79 79 79 79 79
79 79 79 79 79 79 79
79 79 79 79
79 79 79 79 79 79 79 79 79
79 79 79 52 43 52 52
79 79 79 79 79 79 79 79 79
79 79 76 76 76 76 79 52 52 52
43 49 52 52 79 79 52 25 22
25 25 25 25 40 40 40 43 49
49 49 43 43 43 76 79 43 52
52 49 79 52 21 21 41 70 76
79 79 76 76 76
76 76 76 76 76 76 76 76 79 79 79
79 79 79 79 79 79
79 79 79 79 79 79 79
79 79 79 79 70 67 76 79 79 79
79 79 79 79 79 79 79 79 79 52 52
52 52 52 52 52 22 40
22 70 70 52 52 70
70 70 70 67 70 70 70
67 70 70 67 67
70 70 70 70 70 70 70 70 70
70 70 70 70 70
49 49 70 70 51 81 51
81 49 79 79 70 70 71
62 62 76 70 70
49 70 41 41 41 70 70 41 38
67 19 49 49 49 71 68
68 50 51 51 51
65 70 70 70 70 70
52 79 70 70 61 70 70
70 70 49 70 70
70 70 70 70 70 70 70 70 70
70 52 52 25 25 43
70 70 79 79 44 41 49 49 49 49 76
79 49 50
50 50 50 50 50 53 50
49 49 49 49 49 19 79
79 79 25 52 52 43 61 31 61 43 52
70 70 70 70 70 70 70
70 49 49 79 70 79 79 70 49 49 49 49
49 49 49 79 70 70 70 70
70 79 79 52 52 79 79 52
79 52 70 40 49
70 31 31 40 31 31 67
67 67 67 67 67 67 67 67
67 67 67 49 49 76 76
70 79 79 79 70
70 79 70 70 70 79 79 70
67 40 49 49
79 76 79 79 79 70 70
40 49 76 76 52 43
50 49 79 79 70 70 40 40 41 41 70 79 70
70 70 70 49 79 79 79 73
73 73 40
49 76 76 76 76 76 76 76
70 70 34 61 70 49
49 76 79 49 76
49 52 79 71 70 79 49 79
79 79 79 25 25 76 76 76 76 76
79 79 79 79 79 79 76 76
49 49 49 49 49 49 49
49 49 49 49 49 49 67
41 49 49 76 79 79 70
70 71 71 49 49
49 49 49 49 79 52
52 52 79 52 52 52 52 52 79
52 52 52 52 25 70 70 70 49
79 79 49 79 52 79 79 44 49
49 49 49 49 49 49 49
49 43 34 34 61 62 40
49 49 49 49 49 31 31
58 58 58 61 40
67 70 70 70 70
70 70 70 49 49 49
52 49 43 70 80 49 49 70 70
70 49 49 79 70 71 71 41 49
79 71 71 70 49 49 49 49
49 49 68 68 67 64 64 68 68 64 64
64 64 67 64 64 55 31 31 28
28 28 1 1 1 31 31 31 58 67
67 67 67 76 76
67 67 76 76 49 70 70 40 70
70 70 70 79 50 80 44 70 76 44
71 71 71 70 71 71 71 70 49 79
79 71 71 77 67 43 79
70 71 50 49 70 70 58 70
0 0 0
0 0 0 0 0 0 0 0 50 50 79
67 67 70 70 70 70 67 79 80
80 71 71 80 71 71 71
44 53 53 53 80 70 70 70 67 67 70
70 70 70 70 71 71
71 79 79 79 71 71 70 31 64
67 70 71 71 70 70 70 49
79 70 40 49 49 79 79
79 49 70 70 70
70 43 43 70 79 79 79
70 70 70 70 70 40 70
70 70 70 70 70 70 40 40 40 71 71
40 40 31 40 70 40 41 41 41
71 71 71 70 49 49 76 70
70 70 70 70 70 70 61
61 31 61 67 49 49 49
49 76 73 64 64 64 67 67 67
67 67 67 67 70 49 49 49
79 70 49 76 79
79 79 76 76 76 67 67 67 67 67
70 70 70 71 71
79 70 70 70 71 70 71 71 70 71
71 49 79 70 70 70 76
70 70 70 70 70 67 70 71
70 70 70 76 79 40 40 49 70 70
70 70 67 67 70 70 40 70
70 70 77 80 80 79 79 79
79 71 70 70 67 70 70 73
76 79 70 79 79
79 52 79 79 52 52 23 50
80 49 70 70 43 31 34 31 58 67 67 49 49 79
70 70 70
41 50 50 44 44 44 80 80
71 80 80 79 79 79 79 79
76 70 79 79 79 52 52
79 79 79 79 79 79 79
76 76 70 79 70
79 79 71 70 70 79 79 79 79 79 52
52 25 25 52
52 52 52 52 52 25
52 79 52 43 43 70
70 49 41 41 41 41 41 41 31
31 31 31 31 31 31 49 70 70 79
79 79 49 49 79 70 70 70 70 70 67 67
67 67 49 40 67 46 49 52 52 25
52 79 52 80 80 52 52 52 25
25 25 25 52 52 79 79 79
70 70 70 70
49 67 70 70 70 70
70 67 67 67 67 67
67 67 40 49 49 67 67 67 67 67
67 67 67 67 67 67 67 61 79 49 49 79
79 71 71 79 76 49 41
41 41 41 41 41 41 41 41 41
41 80 50 41 41 41 41 44 44
44 44 41 44 71 49 41 41
41 71 71 71 41 41 41 41
44 70 40 49 40 49 70 70 41
71 70 49 70 70
52 44 41 40 49 49 76 79 80 81 51
50 52 52 70 70 67 76 76 79 70
70 70 70 79 79 70 70 70 70 70
70 70 70 70 70 70 70 79 79 70
70 79 79 79 70 49 49
67 67 71 71 76 76 70 70
70 70 70 70 70 70
70 70 71 71 71 71 70 70 43 61
61 49 79 70 70 71 68 64 64 64
64 40 46 40 49 49 49 49 76 64 64
64 64 64 67
67 70 70 40 49 50 50 50 49 70 70 70 70
67 67 64 64
67 67 67 31 58 31 31 31 31 31
31 31 61 61 61 67 70
70 70 70 67
67 67 67 67
79 70 70 70 70 67 70 67 67 67
67 67 43 35 71 79 70 70 70
70 52 52 52 52
50 49 52 79 79
52 52 79 79 79
70 79 79 70 40 41
41 49 76 71 71 71 71 71 70 70 70
76 49 71 71 71 71 71 80
70 43 49 71 79 71 71 71 31 1
31 31 58 31 31 31 41 71 49
41 44 44 77 49 49
49 67 31 31 58
67 67 49 41 44 71 79 49 49
49 79 49 71 71 71 41 71 71
71 51 0 0 0 0 0 0 0 0
0 43 25 25 79 70 70 70 70
70 76 76 71 71
70 79 79 49 49 79
79 79 79 79 79 79 79
70 49 79 70 61 79 76 76
76 76 76 76 76 76 76 79
71 70 70 70 70 67 67 67 67
49 58 40 40 67 70 70 79 79
70 70 76 70 70 76 80 71 76 70 70
70 70 67 67 64 64 67 64
64 64 67 67 67
67 67 40 67 67 31
46 67 40 40 67
34 34 40 61 49 76 67 70 67
76 76 49 71 71 71 71 71
71 70 76 76 49 40 44
71 71 71 71 70 71 71
76 76 49 40 49 76 70 67 67 67 67 43
70 49 49 67 70 70 67 67
67 67 70 49 70
71 71 71 71 68 67 70 70 70
70 70 70 70 71 70 70
70 43 52 52 52 52 52 79
79 79 52 52 52 79 52 52 52
34 34 52 79 70 70 70 52 52
79 70 79 52
52 52 52 52 52 52 52 52 52 52
52 53 51 51 50 50 80 80 49 49
41 41 41 41 41 52
49 79 79 79 79 79 67
67 67 76 76 76 70 49 49 40
31 31 31 58 58 55
55 64 64 64 64 64 58 58
55 58 58 58 40
40 71 53 53 71 71 43
79 40 67 67 67 67 67 67
67 67 67 40 49 49 79 67 70 70 70 70
70 70 70 76 70 70
70 41 22 49 79 79 70 50 50 53 79 79
52 52 79 79 79
79 79 79 79 79 79
76 77 77 77 77 76 79
79 79 79 79 79 79 76 76 76 76
76 76 76 76 76 76 79
79 79 79 79 79 76 76 49
49 46 46 67 76
76 76 76 67 67 67 67
67 76 49 49
49 49 52 79
67 70 70 49 49 79 80
80 80 80 80 80 80 80 80 80 80 80
80 80 80 80 80 80 80
80 80 80 80 80 80 80 80 80 80 80
80 80 80 80
80 80 80 80 80
80 49 49 70 70 70 70 70 70
67 67 70 64 64 67 70
70 70 70 70 49 64
64 67 67 67 40 40 41 51 51 50 50
24 24 78 78 51 50 50 49 76 70 79
49 79 79 79 79 52 52 79 79
49 76 70 70 80 51 51 51 51 51 51 81
81 41 10 10 10 67 67
67 50 41 50 50 50 71 61 70 70 43 43
52 52 25 25 52
68 64 70 67 67 50
51 71 70 49
37 67 64 67 67 67 67 64
64 67 55 58 31 31
58 58 58 58 67 40 49 49 49
49 76 70 70
67 70 70 52 70 70 70
70 70 79 0
0 0 0 0 0 0 0 0 0 0 0
0 0 70 67 67 64 67 67 64 64 64
79 49 49 79 79 79
79 79 52 52 52 43 70 79 49
50 49 70 70 70
70 70 70 40 70 70 70 70 70
49 40 49 79 79 52 51 80 80
41 44 49 79
70 70 67 76 70 70 76 40
76 67 70 70 70 70
71 80 80 71 49 79 79 70 67
67 67 67 67 70 49
49 70 70 70 71 71 71 52 49 43
43 76 70 70 76 76 71 71
49 40 58 31 31
61 49 49 50 49 76 76
70 40 58 61 40 67 67 70 70 49 49
49 22 49 70 40
70 49 49 49 49 67 67
70 49 49 43 40 49 79
79 79 70 68 67 67 70 70 67
67 67 67 67 67
67 67 67 67 67 67
67 70 70 67 76 49 41 41 41
41 41 41 41 41 40 40
70 70 70
67 67 76 67 67 67 67 67 67
67 67 70 70 70 71
71 70 40 49 49 79 67 67 40 40
79 70 70 70 49 76 76 49 67 70
71 70 67 64 64
67 67 64 67 67 64 64 67 67 79
49 76 52 76 49 49 49 49 49 49 67
67 70 70 79 79 79 79
70 70 67 67 78 50 49
49 49 43 40 49 49 79 70 49 79
79 79 52 79 52 52 79 79
52 52 52 52 52 52 52 52 70
70 70 71 67 70
67 70 50 51 51 50 49 49
50 49 76 79 70
43 43 52 52
52 79 79 79 79 79
49 49 43 43 50 50 23 49 52 50
79 70 70 70 70 52 52
52 52 52 52 52 43 43 43 43 43
43 43 43 43 43
70 70 70 70 70 70 70
79 79 79 79 79
79 79 79 79 70
70 70 79 52 52 52 52 79
79 79 52 79 79 79 79 52
79 79 79 52 79 79 79
79 79 79 79 79 79 79 79 79 79 79
79 79 70 70 67 67 70 70 67 67
40 67 70 50 50 50
67 67 67 67 67 67 67 67 40 40 49
49 79 79 79 71 70 67 67 64 64 64 67
64 64 67 67 67 67 67
49 49 37 37 37 67 76 76 76 76 76 76 40
49 40 31 31 61
49 49 79 70 70 77 77 41 49
79 79 49 49 49 49 40 49 49 49
49 49 49 49 49 49 49
49 49 49 49 49 49 49 49 79 76
70 70 67 67 70 70
67 70 70 44 71
71 49 49 49 49 76 67 70 79 49 52
70 70 49 49 49 49 49
49 49 49 41 49 49 49 49 50 79
71 79 79 67 73
77 81 80 80 80 80 80 80
80 80 80 80 80 80
80 80 80 80 80 80 80 80 80
80 80 80 80 80 80 80 80 80 80
80 80 80 80 80 71 71 79 76 79
79 76 79 79 79 79 79 79 79
79 79 79 79 79 79
79 79 79 79
79 79 80 80 80 80 80 80 79 70
70 79 79 79 70 79 79 70
70 77
