80 49 49 49 49 71 71
71 71 71 71 71 79 79
49 49 49 40 40 71 71
71 71 64 67 67 67
0 49 49 49 71 71 71
71 71 71 71 41 71 80
71 71 71 71 71 71 71 71
71 71 71 71 71 71 71
71 68 68 68 68 49 59 41 60
71 71 71 71 71
53 26 53 53 53 53
53 71 71 71 71 71 71 71
71 71 71 71 71
71 71 71 71 49 49
49 49 49 49 49 76
74 74 76 76 76 76 76
76 49 49 49 49 52 41
41 40 37 40 40 40 40
40 40 41 41 41 41
44 73 76 77 68 71 71
71 71 71 49 49 41 49 40
40 41 49 68 50 41
41 49 49 49 49
67 67 64 64 67 67 67 71
71 71 71 71 71 71
41 49 49 52 49 41
41 49 49 49 50 49 49 41
49 52 52 49 49 41 41 41
41 41 41 50 76 76
79 79 76 79 79
79 73 73 77 77 80 80 80 80
79 79 80 77 80 80 76
76 77 80 80 80 41 44
41 49 52 52 41 41 41 41
41 41 41 41 41 79 71
71 71 71 71 71 70 70 70
70 49 49 49 49 49 52
49 49 80 71 71 71 71
52 52 52 79 79 2 2
1 1 1 1 1 1 1
10 49 40 40 41 41
41 41 70 71 71 71
71 70 70 68 68 71
71 68 71 67 70 70
70 70 67 70 70 70
70 49 80 78
80 80 77 77 80 80
77 76 79 79 79 79
79 79 76 76
79 79 80 77
49 49 49 41 41 41
41 41 41 41 71 41
41 41 71 79 52 52 49 79
79 71 71 71 71 71 71
71 71 79 79 79 79
70 70 67 67 67 67 71 71
71 71 10 21
21 21 21 1 1 1 1 0
0 0 19 19 19 19 19
49 41 41 41
50 49 76 49 41 41 41 41
41 49 49 49 49 19
19 19 19 40 40
40 49 49 49 49 49 41
41 41 41 41 41 41 41
41 49 49 40 49 49 49 41 41
49 49 49 49 49 49 52 52
52 52 68 79 79 79 79
79 79 79 79 79 79 79 68 71 49
41 41 41 41 41 41 79 76 67
67 40 41 40 40 40 41
41 41 77 40 40 40 49 76
41 41 41 41 41 41
41 68 68 71 70
71 71 71 71 71 71 71
71 71 71 70 71 71 71 71
71 71 71 0 0
0 0 0 0 0 0 0 0
0 0 0 80 80 68 68 68
70 67 67 67 67 68 41 50
49 49 49 40 40 40 40
41 41 67 67 67 67 40 40
41 40 73 73 73 73 73
73 73 73 73 73 73
73 73 73 73 73 73
73 76 76 76 76
76 76 76 76 76 76
73 73 73 73 73
73 19 21 0 0 0
0 0 0 0 0 0 0 22 22
22 49 49 49 49 50 51
51 53 50 50 21 21 48 48 21
48 21 21 21 21 21 21 21 21 21
21 50 50 23 26 26 26
53 53 47 23 47 50 50 50 21
21 21 48 50 49 10 1 1
1 1 1 1 1 37 67
67 41 41 41 41 71 53 23 23
50 50 50 50 50 40 40
71 44 49 76 68 71 71 71 71
71 71 71 71 71 71 71
71 67 70 71 71 71 71 0
0 0 50 50 50 50 50
50 50 50 50 50 50 50 49
49 49 49 49 49 50 50 49
49 49 49 49 49 50 53
53 53 53 53 53 53
53 53 26 53 44 71
71 19 20 0 0 0
0 0 0 0 0 0 0 0
73 73 73 73 76 76 76
76 76 40 31 40 40 76 76
76 73 73 73
73 73 73 73 73 73 73 73 73
73 73 73 73 49 1 1
1 1 10 0 0 0 0 0 0
0 0 49 49 49 49 49
49 49 49 49 49 49 49
49 49 49 49 49 19 19 19 19
49 49 49 49 49 49
19 22 49 49 19
19 19 19 19 19 22 22
22 49 49 22 22 22 22 22 22
49 19 19 19 19 19 19 49
49 22 49 49 49 49 49 49 49
41 41 41 41 41 70 70
70 71 71 68 67 67 71 71
71 71 71 71 71 53 53 71
71 71 71 71 71 80
79 79 80 76 76 76
67 68 65 65 69 69 68
68 80 40 71 71 71 71
49 49 49 49 49 49 49
49 49 19 49 49 49 49 49 49
49 49 49 79 11 20
20 1 1 1 10 10 1 1
1 1 70 70 49 49 49 49
49 49 49 49 49 49 49
49 49 76 76 76 73 73 73
73 76 76 73 76 76 76 76
76 76 76 76 76
73 73 76 76 41 71
71 71 49 53 49 73
76 76 73 76 76 77 77
77 77 77 49 49 49
49 49 76 73 73 73 73
77 77 77 77 77 80 80
77 77 77 77 77
67 41 71 71 67
64 64 67 67 67 67 67
49 50 50 49 76 73
73 76 76 76 76 76
76 76 79 76 71 71 71 68
68 71 71 71 71 68
71 68 68 68 68 68
68 68 68 64 67 67 71
71 41 71 71 1 19
19 20 19 0 0 0 0
0 0 0 71 80 80 80
40 79 67 67 68
68 68 68 68 71 71
71 41 41 41 41 41 41 49 49
49 49 49 40 41 71
71 26 26 26 26 26 26 26 26
26 26 26 26 26 26 43 40
44 44 26 44 44 44 44 44
71 71 49 49 52 49 49 49 49 76 79
79 79 79 79 79 71 49
49 79 79 79
79 79 79 79 49 79 79
19 19 19 49 41 41 41
41 40 40 40 49 49 68
50 71 71 71 71 49 49 49 49
49 49 49 49 49 41 71
71 71 71 71 71 71 71
1 1 1 0 0 0
0 0 0 0 0 49 49
40 40 40 40 71 71 79
79 79 64 67 73 64
64 67 76 76 77 49 49
79 80 80 49 80 80
49 49 79 79 79 79 71 41
49 49 49 49 49 49 49
49 49 76 76 80 80
77 80 77 77 80 80 80
80 80 80 80 79 79
79 49 49 50 49 49 49 49 41
41 41 41 49 49 49 49 49 40 71
71 71 71 71 52 52 52 70 70 70
52 79 52 52 52 52 52
79 49 49 49 49 49 49 49 49
49 49 19 19 19
49 49 76 76 76 76
76 76 76 76 76 76 73 73 77
77 77 77 77 80 79 79
76 79 79 79 79 79 79
79 79 79 76 76 40 40
71 71 67 70 49 49 49 49
49 49 49 49 76 79 79 79 80
67 71 71 70 70 70 70 70
40 71 71 71 71 71
80 80 71 71 71 49 49 49 70
70 70 79 76 76 70
67 67 70 70 70 79 79
79 70 70 22 1
0 0 0 0 0 0 0
0 71 71 71 71 71 49
49 49 49 49 49 76 79
79 79 79 79 79 76
76 76 80 49 49
19 49 79 79 79 76 76 79
79 79 79 79 49 73 79
79 79 79 79 79
77 77 76 76 76 76
76 76 79 79 79 79 49 49
49 79 79 76 77 79 79 79
79 79 79 76 76 76
79 79 79 76 76 76 76
76 76 76 79 79 79 79
79 79 79 76 76 76 76 76
73 76 76 79 79 76 73 73 73
73 73 73 73 76 49 49 49
41 41 41 41 71 41
41 41 41 41 71 71 71
71 71 49 40 70 70 70
70 79 76 77 77 77 77 77 77 77
77 77 77 76 79 79
79 79 79 76 76 79
79 79 79 79 80 80
76 79 79 79 41 41 41 41
41 41 41 41 41 41
49 49 49 49 49 49 49 49
49 41 40 43 43 67 40 40
76 43 41 43 43 70 41
41 71 41 71 41 40
40 41 49 49 50 49 49
49 49 49 49 49 50 49 40
44 68 68 68 67 70 68
41 70 70 70 70 70 70
68 68 41 79 79 77 78
77 76 76 77 79 79 79
76 76 76 76 79 80 71 71
71 71 71 71 49 49 41
41 41 41 41 41 71 71 71
71 71 71 71 49 49 49
49 49 40 40 40 40 40 67
49 81 80 80 80 80 80 77
77 76 76 77 80 80 80 80
80 80 80 80 53 26 26 53 53
53 53 53 53 53 53 53 53 53
53 52 52 53 53 53 53 53
44 71 71 71 71 62 71
71 49 67 67 67 67
71 71 71 71 71 71 71
71 71 49 49 71 71
80 80 50 79 79 79
79 79 79 79 79 79 0 0
