76 79 79 79 79 79 79 79
79 79
79 79 76 79 79 79 79 79
79 79 79 79 79 79 79 79
79 79 79 79 79 79
79 79 79 79 79 79 79 79
79 79 79 79 79 79 79 79 79 79
79 79 79 79 79 79 79
79 79 79 79 79 79 79 79
79 79 79 79 79 79 79
79 80 80 79 79 79 79 79 79
79 79 79 79 79 80 79 80
79 79 80 79 79
79 79 79 79 79 79 79 79
79 79 79 79 79 79 79
79 79 79 79 79 79 79
79 79 79 79 79
79 79 79 79 79 79 79 79 79
79 79 79 79 79 79
79 79 79 79 79 79 79 79
79 79 79 79 79
79 79 79 79 79 79 79 79
79 79 79 79 79 79 79 79
79 79 79 79 80
79 79 79 79 79 79 79
80 79 79
79 79 79 79 79 79 79 79
79 79 79 79 79 79 79 79 79
79 79
79 79 79 79 80 79 79 79 79
79 79 79 79 79 79 79 79
79 79 79
79 79 79 76 79 79 79 79
79 79
79 79 79 79 80 79 79 79
79 79 79 79 79 79 79
79 79 79 79 79 79 79
79 79 79 79 79 79 79 79
79 79 79 79 79 79
79 79 79 79 79 79
79 79 79 79 79 79 79
79 79 79 79 79 79
79 79 79 79 79 79 79 79
79 79 79 79 79 79 79 79 79
79 79 79 79 79 79 79 79 79
79 79 79 79 79 79 79 79 79
79 79 79 79
79 80 79 79 79 79 79 79
79 79 79 79 79
79 79 79 79 79 79 79 79
79 79
79 79 79 79 79 79
79 79 79 79 79 79 79 79
79 79 79 79 79 79 79 79
79 79 79 79 79 79 79 79
79 79 79 79 79 79 79
79 79 79 79 79 79
79 79 79 79 79 79 79 79 79
79 79 79 79 79 79 79
79 79 79 79 79 79 79
79 79 79 79 79 79 79 79 79
79 79 79 79 79 79 79 79 79
79 79 79 79 79
79 79 79 79 79 79 79 79 79
79 79 79 79 79 79 79
70 79 79 79 79 79 79 79
79 79 79 79
79 79 79 79 79 79 79 79 79 79
79 79 79 79 79 79 79 79
79 79 79 79 79 79 79 79
79 79 79 79 79 79 79 79 79
79 79 79 79 79 79 79 79
79 77 80 79 79
79 79 79 79
79 79 79 79 79 79 79 79
79 79 79 79 79 79 79 79 81
78 51 80 81 79
79 79 79 79 79 79 79
80 79 79 79 79 80 80 79
79 79 79 79
79 79 79 79 79 79 79 79 79 79
79 79 79 79 79 79
79 79 79 79 79 79 79
79 79 79 79 73 76 79 79
79 76 79 79 79 79
79 79 52 52 52 79 79 79
79 79 79 79 79 79 79
79 79
79 79 79 79 79 79 79
79 79 79 79 79 79 79 79 79
79 79 79 79 79 79 79 76
76 79 79 79 79 79 79 79 79 79 79
79 79 79
79 79 79 79 79 79 79 79
79 79 79 79 79 79 79 79
79 79 79
79 79 79 79 79 79 79 79
79 79 79 79 79 79 79 79
79 79 79 79 79 79
79 79 79 79 79 79 79 79 79
79 79 79 79 79 79
79 79 79 79 79 79 79
79 79 79 79 79 79 79
79 79
79 79 79 79 79 79 79 79 79
79 79 79 79 79 79 79 79 79
79 79 79 79 79 79 79 79 79
79 79 79 79 79 79 79 79 79
79 79 79 79 52 79 79 79 79
79 79 79 79 79 79
79 79 79 79 79 79 79
79 79 79 79
79 79 79 79 79 73 73 76 79
79 79 79 79 79 79 79
79 79 79 79 79 79 79 79
79 79 79 79
79 79 79 79 79 79 79 79
79 79 79 79 79 79
79 79 79 79 79 79 76 79
79 79 79 79 79 79 79 79
79 79 79 79 79
79 79 79 79 79 79 79
79 79 79 79 79 79
79 79 79 79 79 79
79 79 79 79 79
79 79 79 79 79 79 80 79 79
79 79 79 79 79 79 79 79
79 79 79 79 79 79 79 79
79 79
79 79 79 79 79 79
79 79 79 79 79 79 79 79
79 79 79 79 79 79 79 79 79 79
79 79 79 79 79 79 79 79 79
79 79 79 79 79 79
79 71
80 79 71 71 79 79 79 79
79 79 79 79 79 76
79 79 79 79 79 76 79
79 79 79 79 79 79 79 76
79 79 79 79 79 79 79 79
79 79 79 79 79 79 79 79 79
79 79 79 79 79 79 79 79
79 79
79 79 79 79 79 79 79 79
79 79 79 52 52 52
52 52 52 52 52 52 79 79 79 79
79 79 79 79 79 79 79 79 79
79 79 79 79 79 79 79 79
79 79 79 79 77 77 77 77
77 77
79 79 79 79 79
79 79 79 79 79 79 79 79
79 79 79 79 79 79 79 79 79
79 79 79 79 76
76 79 79 79 79 79 79
79 79 79 79 79 79 73
79 79 79 79 79 79 79 79
79 79 79 79 79 79 79 79
79 79 79 79 73 76 73 76 76
79 79 79 79
79 79 79 79 79 79 79 79
79 79 79 79 79 79 79
79 52
79 79 79 79 79 79 79 79
79 79 79 79 79 79
79 79
79 79 79 79 79 79 79 79
79 79 79 76 79 79 79 79
79 79 79 79 79 79 79
79 79 79 79 79 79 79 79
79 79 79
79 79 79 79 79 79 79 79 79
79 79 79 79 79 79 79 79 79
79 79 79
79 79 79 79 79
79 79 79 79 79 79 79 79 79 79
79 79
79 79 79 79 79 79 79 79 79
79 79 79 79 79 79 79 79 79 79
79 79 79 79 79 79 79 79
79 79 79 79 79 79 79
79 79 79 79 79 79 79
79 79 79 79 79 79
79 79 79 79 79 79 79 79
79 79 79 79 79 79
79 79 79 79 79 79 79 79 79
79 79 79 79 79 79 79 79 79
79 79 79 79 79 79 79
79 79 79
79 79 79 79 79 79 79
79 79 79 79 79 79
79 79 79 79 79 79 79 79 79 79
79 79 79 79 79 79 79 79
79 79 79 79 79 79 79
79 79 79 79 79 79 79
79 79 79 79 79 79 79
79 79 79 79 79
79 79 79 79 79 79 79 79
79 79 79 79 79
79 79 79 79 79 79 79 79
79 79 79 79 79
79 79 79 79 79 79 79 79 79
79 79 79 79 79 79 79
79 79 79 79 79 79 79
79 79
79 79 79 79 79 79 79
79 79 79 79 76 76 76
79 79 79 79 79 79
79 79 79 79 79 79 79
79 79 79
79 79 79 79 79 79 79
79 79 79 79 79 79 79
79 79 79 79 79 79 79
79 79 79 79 79
79 79 79 79 79 79 79 79
79 79 79 79
79 79 79 79 79 52 52 79 79
79 79 79 79 79
79 79 79 79 79 79 79 79 79
79 79 79 79 79 79 79 79
79 79 79 79 79 79 79 79
79 79 79 79 79 79 79 79
79 79 79 79 79
77 77 77 77 77 79 79 79
79 79 79 79 79 79 79 79 79
79 79 79 79 79 79 79 79
79 79 79 79 79 79 79 79 79
79 79 79 79 79 79 79 79 76
79 79 79
79 79 79 79 79 79 79
79 79 79 79
79 79 79 79 79 79 79 79
79 79 79 79 79 79
79 79 79 79 79
79 79 79 79 79 79 79 79
79 79 79 79 79 79 79
79 79 79 79 79 79 79
79 79 79 79 76 73 73 73 73
76 73 79 76 79 79 79 79
79 79 79 79 79 49 76 76
76 49 80 79 79 79 79 71 79
49 49
80 79 70 79 79 79 79
54 80 54 54 79
79 80 79 79 79 79 79 79 79 79
79 79 79 79 79 79
79 76 79 79 79
79 79 79 79 79 79 79
79 79 79 79 79 79 79 79 79
79 79 79 79 79 79
79 79 79 79 79 79 79
79 79 79 79
79 79 79 79 79 79
79 79 79 79 79 79 79
79 79 79 79
79 79 79 79 79 79 79 79 79 79
79 79 79 52 52 79
79 79 79 79 79 79 79
79 79
79 76 79 79 79 79 79 79 79
79 79 79 79 79 79 79 79
79 79 79 79 79 79 79
79 79 79 79 79 79 79
79 79 79 79 79 79 79 79 79
79 79 79 79 79 79
79 79 79 79 79 79 79 79
79 79 70 79 79 79 79
80 79 79 79 79 79 79 79 79
79 79
79 67 70 70 79 79
79 79
79 79 79 79 79 79 79 79 79 79
79 52 79 79 79 79 79 79 52
52 79 79 79 79 79 79 79
79 79 79 79 79 79 79 52
79 79 79 79 79 79 79 79 52 52
79 79 79 79 79 79 79
80 79 79 79 79 79 79 79
79 79 79 79 79 79
52 52 79 79 79 79 79 79
79 79 79 79 79 79 79
79 79 79 79 79 79 79
79 79 79 79 79
79 79 79 79 79
79 79 79 79 79 79 79
79 79 79 79 79 79 79 79 79
79 79 80
79 79 79 79 79 79 79 79
79 79 79 79 79 79 79
79 79 79 79 79 79 79 79
79 79 79 79 79 79 79
79 79 79 79 79 79
79 79 79 79 79 79
79 79 79 49 52 79 79 79 79
79 79 79 79
79 79 79 79 79 79 79 79
79 79 79 79 79 79 79 79
79 79 79 79 79 79 79 79 79
79 79 79 79 79 79
79 79 79 79 79 79 79 79
79 79
79 79 79 79 79 79 79 79 79
79 79 79 79 79 79 79 79
79 79 79 79 79 79
52 52 79 79 79 79 79 79
79 79 79
79 79 79 79 79 79 79
79 79
79 79 79 79 79 79 79 79
79 79 79 79 79
79 79 79 79 79 79 79 79 79
79 79 79 79 79 79 79 79
79 79 79 79 79 79 79 79 79
79 79 79
79 79 79 79 79 79 79 79 79
79 79 79 79 79 79 79
79 79 79 79 79 79
79 79 79
79 79 79 79 79 79 79 79 79
79 79 79
76 79 79 79 79 79 79 79
79 79 79 79 79 79 79
79 79 79 79 79 79 79
79 79 79 79
79 79 79 49 49 49 79 79 79 79
79 79
79 79 79 79 79 79 79 79
79 79 79 79 79 79 79
79 79 79
79 79 79 79 79 79 79
79 79 79
79 79 79 79 79 79 79 79
79 79 79 79 79
79 79 79 79 79 79 79 79
80 79 76
79 79 79 79 79
79 79 79
79 79 79 79 79 79 79 79
79 79 79 79 79 79
79 79 79 79 79 79 79
79 79
79 79 79 79 79 79 79 79 79 79
79 79 79 79 79 79
79 79 79 79 79
79 79
79 79 79 79 79 79 79 79 79
79 79 79 79
79 79 79 79 79 79
79 79 79 79 79 79
79 79 79 79 79 79
79 79 79 79
70 70 79 79 79 79 79
79 79 79 79 79 79 79 79
79 79 79 79 79 79 79 79
79 79 79 79 79 79 79 79
79 79 79 79 79 79
79 79 81 79
79 79 79 79 79 79 52 79
79 79 79 79 79 79
79 79 79 79 79 79 79
76 79 79 79 79 79 76 79
79 79 79 79
79 79 79 79 79 79 79 79
79 79 79 79 79 79 79
79 79 79 79 79 79 79
79 79 79
79 79 79 79 79 79 79 79 79
79 79 79 79 79
79 79 79 79 79 79 79
79 79 79 79
79 79 79 79 79 79
79 79 79 79 79 79
79 79 79 79
79 79 79
79 79 79 79 79 79 79
79 79 79 79 79 79 79
79 79 79 79 79
79 79 79
79 79 79 79 79 79 79 79
79 79 79 79 79
79 79 79 79 79 79 79 79
79 79 79 52 70
76 79 79 79 76 76 79 79
79 79 79 79 79 79 79
79 79 79 79 79 79 79
79 73 73 79
79 79 79 79 79 79 79
79 79 76 79 79 79 79
79 79 79 79 79 79 79 0 0 0
