49 49 71 71 71 71 71
71 67 1 0 0 0
0 0 21 0 0 0 0 0
0 0 21 0 0 0 0 0 0 1
0 0 0 0 0 0 0 0
0 0 0 0 0 0 0
0 0 0 0 0 0 0
0 0 0 0 0
0 0 31 31 58 31 31 31
31 31 31 31 67 31 31 0 0 0 0
0 0 0 0 0 0 0 0 0 0
0 0 0 0 0 0 0 0
0 0 0 0
0 0 0 0 0 0 0 0
0 0 0 0 0 0 0
0 0 0 0 0
0 0 0 0 0 0
0 0 0 0 0 0
0 0 0 0 0 0 0 0
0 0 0 0 0
0 0 0 0 0 0 0 0 0 0 0 0 0
0 0 0 0 0 0 0 0 58 58 67
58 58 58 67 31 31 31 31
31 31 31 31 31
31 31 31 31 58 31
31 61 70 77 77 79 79 50 79
79 79 49 49 49 49 49 49 49 49
49 49 52 43 49 80
79 79 49 43 70 40 76 76
79 76 76 76 76 76 76 76 76 76 76 76
73 73 73 76 76 76 76 40 40
40 49 70 70 40 43
40 40 79 79 79 79 79 79 70
79 79 79 76 79 79 76 79 76 79
79 79 76 76
79 79 76 76 76 76 22
49 79 79 79 79 76 76 76 76
76 76 79 67 79 79 79
67 67 67 51 51
51 50 76 80 76 71 71 71 71 81
81 79 79 79 79 79 79 79
79 79 79 79 76 76 79 79 79 79 79 79
76 79 79 58 61 70 58 61
61 31 40 81 80 70 67 61
81 81 81 72 72 81 81 79
79 79 79 52 49
79 79 79 79 49 52 52 52 52 49 40
70 70 70
40 50 50 49 52 49 79 79 49
49 79 52 80 51
51 54 51 49 49 79
49 49 79 79 79 49 49 49 70
79 79 49 49 52 80 80 49
19 52 52 71 71 49 49
52 70 70 71 71 49 79 80 79 52 49
22 79 49 79 79 76 79 76 76 76
76 76 76 49 49 49 49 50
51 51 51 52 49 67
40 40 67 67 70 70
67 67 67 67 67 67 76 70 70
67 43 49 70
70 70 70 70 70 79 76 79 79 79 79
79 79 79 79 76 76 76 76 40
52 52 79 79 79 47
51 51 47 51 78 54 51 51
51 15 15 51 18
18 51 46 51 15 15 46
47 51 47 51 10 10 51 15 18
18 17 14 54 10 10 51 51 51
51 51 51 51 51 51 18 24 50 14 14 14 18 54
51 18 18 18
18 51 51 42 51 18 15 18
18 17 18 47 51 51 18 18 18 54 51
51 50 51 15 54 54 14 18 51
46 51 15 24 24 24 15 54 51
51 51 51 51 51 51
51 51 51 48 47 51 74 51 51
51 51 51 51 51
51 51 51 51 51 51 51 51 51 15
15 51 15 51 51 51 51 51
51 51 51 51 51 51 51 54
15 15 78 51 51 78 51
51 51 51 51 51 15
51 50 46 51 51 46 51 51 51 51
47 47 51 51 51 47 47
73 73 47 47 77 51 46 46
46 51 51 51 47 51 51 51 51 51
51 47 47 47 46 78
48 20 47 47 46 48 51
51 27 51 48 47 48 46 46 46 46 47
47 51 47
50 50 50 54 48 47 48 51 51
51 51 51 51 51 51 51 51 51 51
51 54 54 51 51 54 51 51 48
51 51 51 51 51 51
51 51 51 51 51 78 51 54 54 51 51 51 51
51 51 47 51
46 46 50 51 51
51 51 51 51 51 74 51 51 51
51 51 54 51 54 51 47 73
73 51 47 78 73 73 73 73
53 46 46 47 77 78 78 74 74 73 78 47
20 51 77 46 47 47 46
74 73 73 47 47 51
54 51 51 51 51 51 51
51 51 51 47 51 51 51 51 51
51 51 51 51 81 78
74 74 74 51 51 51 51 51 51
51 51 51 51 51 54 51
54 51 54 51 51
51 51 51 51 51 51 51 54 54
51 73 73 73
54 79 79 79 79 79 81 54 79 79
79 79 79 79 79 79 81 79 79 79 79 79
79 79 79 79 79 79 79
79 79 80 81 80 81 81 79 79
79 80 79 79
81 79 79 79 79 79 79 81 79 81
80 79 79 79 79 79 79
79 79 79 79 79 79 79 79
80 79 79 79 79 81
79 81 79 79 79 79 79 79
79 79 79 79 80
79 79 79 79 79 81 79 79 79
79 79 79
79 52 52 79 79 79 79 79
79 52 53 54 79 79 81 79 79
79 79 79 81 81 81
79 79 79 79 79 79 79 79 79 79
81 79 79 81 79 79 79 81
79 81 79 79 79 79 79 79
79 79 79 81 79 81
79 79 79 79 79 79 81 79
79 81 81 79 79 80 79 79 79 79
79 79 79 79 79 79 79 79 79 79 79
79 79 81 79 79 79 79 79
79 79 52 79 79 79 79 79 79
79 79 79 79 79 79 79 79 79
79 79 79 79 81 81 80 80 81
81 81 79 79
79 51 51 54 54 80 54 81 79 79 81 81
81 79 79 81 79 79
79 79 52 79 79 79 79 79 58 58
34 61 61 61 61 31
61 43 43 16 16 16 16 43 43
43 31 31 31 58 58
31 31 31 31 31 31 31 43 34
43 61 58 61 61
58 58 58 31 31 61 61 58 61 61 61 34 61 61
58 37 19 13 40 58 58 55
55 58 58 58 58 58 34
58 58 31 58 31 61 61 61 58 58 61
58 61 61 31 61 31
31 31 31 13 1
31 31 34 58 61 31
31 31 58 58 31 31 31
31 31 31
31 31 31 31 56 31 58 58
31 31 61 61 58 31 58 58 58
31 70 43 61 58 58 61
61 58 31 31 31 58 41 50 50 49 49 49
49 49 49 50 50 49 49 41 41 41
41 41 41 49 41 41 41 40 40 40
49 49 41 49 49 40 40
44 44 53 53
80 50 50 41 41 41 41 41 41 41 40
49 49 49 49 49 79 79 79 79
76 77 80 80 77 77 76 77
77 77 77 77 77 77 77 76 73 77 77
77 77 77 76 77 77 41
41 41 50 50 50 50 40 40 44 53
81 81 81 49 40
40 40 50 50 50 50 50 40 40
49 49 49 49
49 49 49 50 50 41 41 41
40 40 67 67 67 40 31 31
34 34 34 41 19 49 50 80 80
80 77 80 80 53 44 53 80 80 50 50
50 79 79 43 49 49 44 50
51 49 46 41 77
50 40 37 28 40
40 40 40 49
49 49 49 49 49
40 40 40 31 31 31 40 40 49 53
50 50 52 43 50 50 64 68
76 67 49 28 31 40 40
41 19 49 49 49 76
76 76 49 40 40 40 40
40 40 40 40 41 50 49 49 49 49 40
49 40
80 77
