37 37 55 40 40 40 40 40 40 40 40 67
67 67 67 67 67 67
67 67 67 67 67 67 67 67
67 67 67 68 68 68 68 68 68 67 67
67 67 40 40 40
31 67 67 71 71 67
58 70 70 67
67 68 71 71 71 71 71 71
71 71 70 70 67 46 49 41 19
49 40 41 71 71 67 67 68 80 80
80 80 79 79 76 79
79 79 76 70 40
44 62 62 62 67 68 67
67 71 68 67 40 40 40 40
41 50 51 51
51 50 23 50 50 50 41 41 41
41 41 41 41 41 41 49 40 70
44 71 40 71 71 31 61
61 61 28 67 70 70 67 70
70 61 61 61 70
71 71 71 71 70 70 70 70 70 70
61 61 61 61 61 61 61
0 0 0 0 0 0 0 0 0
0 71 41 70
71 70 68 67 67 67 67 67 67
71 41 41 41 41 41 41 41 41
41 41 49 49 71
41 49 50 50 40 40 40
40 40 40 40 40
41 41 41 42 41 67 67
67 67 67 67 67 67
67 67 67 67 67 67 67 67 67
70 67 64 67 67 67 67 67 67
67 67 67 67 67 67 41 41 40
41 40 46
49 49 41 49 49 49 41 40 40
40 40 40 40 40 40 40 40
40 37 31 28 28 31 40 40 70 61
67 67 67 64 64 67 37
31 31 40 28 40 40 40 40 40
67 67 67 67 43
40 40 41 41 49 49
23 20 21 48 50 22 49 49
49 49 40 40 50 50 40 49 40 40 40 49
40 40 67 67 67 67 68 71 71 71
71 71 71 71
70 70 70 70 71 71 71 68 68 68 68 68
68 68 67 71 71 71 71 71 71
71 71 71 71 71 71 71 71 71
71 71 71 71
68 67 68 67 68 68 68 68
67 67 67 67 67 67 67 67 67
67 68 68 68
67 67 67 67 67 64 64 64 64 67
64 64 64 67 67 67 67 64 64 67
58 67 70 67 67
67 67 67 67 67 67 68 68 64 65
68 68 68 68 69 69 68 67 67 67 67
67 58 61 61
61 61
61 0 0 0 0 0 0 0 0 0
0 0 0 0 0 0 0
0 0 0 0 0
0 0 0 0 0 0
0 0 0 0 0 0 0 0 0
0 0 0 0 0 0 0 0
0 0 0 0 0 0 0
0 0 0 0 0 0 0 0 0
0 0 0 41 41 49 70 70 67 67
67 40 41 41 41 41
41 49 40 40 40
40 40 41 41 41 0 0
0 0 0 0 0
0 0 0 40 40
40 40 41 41 40
41 41 41 41 41 41 41 41
40 40 40 41 40 49
49 40 41 49
49 49 49 49 49 40
49 40 49 40 40 40
41 41 41 41 41 41
41 49 49 40 41 41 41 40 40
40 40 40 40 40 40 40 40 40
37 37 40 40 67 67 67 67 67 67
67 67 67 64 64 67 67 67 67
67 67 67
67 67 67 67 67 58 67 64 67
67 67 40 40 40 31 31 40 49 70 40
40 70 70 31 31 58 61 40 41
67 67 67 67 68 71 71
67 67 67 67 67
67 68 70 67 67
70 70 70 71 71 71 71 71 71 71
71 71 71 71 71 71 71 71 71 71
71 71 71 71 71 71 71 71
71 71 71 71 71 71 71 71 71 71
71 71 71 71 71 71 71 71
71 71 71 71
71 71 71 71 71 71 71 71 71
71 68 67 67 67 70 71 71 71
67 71 71 71 71 71 71 71 67 64
64 65 65 67 65 64
64 64 64 70 67 67 67
68 68 67 67 67 67
67 67 67 67 67 67 70 67
67 67 67 68 68 68 65
65 65 65 68 65 65 65 65 65
65 65 64 64 64 64 64 64 64 67 67 55
64 64 67 67 65 65 64 64 64
64 67 67 67 31 31 37 40
67 67 64 64 64 64
64 67 67 64
64 64 67 67 67 67
67 67 67 67 67 67 67 67
67 67 31 31 58 67
67 70 61 67 67 67 67 67
70 67 70 61 0 1 0 19 20 20
21 19 19 19 67 67 67
67 70 67 68 68 67 71
71 71 71 71 68 67 68 67 67
67 67 71 71 49 49 49 79 79 79 79
79 79 79 79 79 79 79 49 79 79
79 79 79
79 79 79 52 40 70 70 67 70 70
70 70 67 40 40 70 70 67 70
67 70 70 70 67 67 67 40 40
50 40 61 61
61 61 58 58 58 59 60 60
59 60 60 60
63 63 0 0 63
60 59 59 60 60 63 63
63 0 0 0 63 63
63 63 63 60 60 60 60 60
60 60 62 62 62 62 62 62 63 62 62 0
60 63 62 63 63 0 0
0 0 0 63 63 63
63 63 63 63 63 63
63 63 63 60 0 0 0 0 0 0
63 63 63 63 63 63 63 63
63 63 63 62
62 62 62 60 62 62 0 62 0 0
62 62 62 0 0
0 0 0 0 0
60 49 40 40 40 40 40
40 40 40 40 49 49 49
49 41 41 40 40 67
67 67 67 67 67 67 67 67
49 49
10 19 19 19 49
49 67 67 67 70 70 67 67 67 67
67 64 64 64 64 64 67
64 67 67 67 40 40
40 40 40 40 40 40 40 40
40 40 40 37 40 0
0 0 0 0 0 0 0 0 0 0 67 67
67 64 64 64 67 68 68
67 67 67 67 67 67 67 67
67 40 40 40 40 40 41 41
50 50 50 50 50 50 49
40 40 49 41 41 40
50 50 40 40 50 40 40
40 40 40 40 40 40 40 49 49 49 49
40 40 40 40 41 41 41
49 49 41 41 41 41 41 40
37 40 40 49 40 40 40
49 49 49 41 40 37 37
37 1 1 1
1 20 21 1 1 1 10 10 0
0 0 0 0 0 40 58 67 67
67 67 67 67 67
67 67 68 68 67 67 67 67 67 67 67
67 67 67 67 67 67 67
67 41 49 40 40 40 49 50 40
49 49 40 40 37
40 31 31 31 40 40 40 40 40
40 31 31
31 40 40 40 40 67
67 67 67 67 67 67 67 58 58 55 55
64 64 67 67 67 40 49 70 70 40
37 37 40 40 37 37 37 40 37
37 40 40 37
40 37 37 37 37 40 40 40 40
40 40 40 67 67 67 71 71
62 71 71 71 53 53 0 0 0 0 0
0 0 0 0 0 0
0 44 44 44 44
44 44 44 44 44 44 44 44 44 44 44
44 44 44 44 44 44
44 64 67 68 67 67 67 67 67 67
40 40 40 40 40 40 40
40 40 40 40 40 40 40 40
40 40 40 31 31 31 31 49 49 49
40 40 40 50 50 40
40 67 67 67 67 67 67 67 67
67 67 67 50 50 50
50 50 50 50 50 73 64 76 76
79 79 67 67 67 67
67 67 67 67 67 67 67 67 67 67
67 67 67 67 67 67 67 67 67 67
67 67 67 21 0 0 0 0 0 0 0 0
0 0 50 50
50 40 40 40 40 40
40 0 0 0 0 0 0 0
0 40 40 40 40 40 40 37
40 40 49 40 49 40 40 40
49 40 41 41 41 41 41
40 49 49 49 67 67 67 67
67 67 68 68 58 58 67 67
67 67 67 67 67 67 71 71
71 80 67 68
71 71 71 71 71 71
71 71 71 67 67 67 67 70 70 70
70 70 67 67 40 40
64 64 64 73
70 70 67 67 64 67 67 64 67 68 68
67 40 40 40 50 51 50 50 49 49 49 49
49 49 37 31 40 40 70 80
80 23 50 51 50 51 68 67 58
58 61 58 61 61 61 61 61 61
61 79 79 79 79 79 79
79 79 79 79 79 79 79 79 79
79 79 79 79 79 79 61
61 61 61 58 58 58
58 58 58 58 58
58 61 58 67 40 40 40
40 40 61 61 67 67 68 71
67 67 67 67 68 67
67 67 41 50 41 41
41 41 41 41 41 40 40
40 41 68 67 68
68 68 68 67 67 67 67
68 68 67 67 67 67 64
64 64 67 67 67 67 67 67 67
67 67 64
64 64 67 64 40 49 49 49 49 49 49 49
49 40 49 49
49 49 49 49 49 49 49 49
49 49 50 50 50 50
50 50 50 50 50
41 46 49 49 49 41 41 41 41
41 41 41 41 41
49 49 49 0 0 0
0 0 0 0 0 0 0 0
0 67 67 68 67 67 67 70 80
50 50 44 53 80 80 53
53 44 53 53 41 41 49 49 49
67 67 67 67 67 67
67 71 71
71 71 71 71 71 41 40 49 49
40 41 41 50 50 50 40 40
40 40 40 40 40 40 41
41 41 50 50 41 50 67 68 68 67
67 68 68 67 67 67 68 71 71
71 71 71 67 67 67 68 68
67 67 71 71 71 71 71 71
0 0 0 0 0 0 0 0 0 0 0 0
0 20 21 0 0 0 0 0 0
0 0 0 0 0 0
0 0 0 0 0 0 1 2
1 1 1 1
1 1 1 1 1 1 1
1 1 1 1 1 1 1
1 1 1 1 1 1 1 1 1
1 2 2 1 1 1 1 1
1 1 1 1 1 1 1 2
2 49 49 49 49 71 71
71 71 71 71 71 71 68
76 67 71 71 71 71 71 71 0 0 0
0 0 0 0 0 0 0
0 0 0 0 0 0 0
0 0 0 0 21 0
0 0 0 0 0 0
0 0 0 0 0 0 0
0 0 0 0 0 0 0
0 0 0 0 0 0 0 0 0 0
0 0 0 3 71 71 71 71 71 71
67 67 67 40 49 76 49 40 49
49 44 79 79 52 25 52 52 50 80
50 40 49 49 49 49 49
40 40 50 50 50 50
49 49 49 40 67 64 67
67 67 67 67 67 67 67 40
41 41 41 41 41 41 41
50 49 49 49 49 49 49 41
49 49 49 40 40 49 49
49 50 50 49
49 49 49 49 49 49 50
49 49 41 41 41 41 41
71 80 71 80 72 71 71 80 71
53 53 44 44 44
53 53 53 53 53 53 53 53 44 44
44 44 53 44 44
79 79 79 25 25 52 79 79 79
79 79 44 53 53 53 53 53 53 44
53 53 53 53
53 53 53 53 53 71
71 79 79 79 49 49 49 49 19 74 47
74 41 41 41 80 80 49
67 68 71 68 67 49 41 41 49
41 41 41 41 41 41
41 41 41 41 41 41 41 41 41
41 40 40 40 50 49 40 49 40 40 40
49 41 41 0 0 41 41 41 41 32
32 32 32 0 0 32 32
32 32 32 32 32 32 32
32 32 32 32 33 33
33 33 33 33 33 33 33 33 33 33 33 33
33 33 33 33
33 33 33 33 33 33 32
32 33 33 33 33 33 33 33 33 33
33 33 33 33 33 33 33 33 33
33 33 0 33
33 33 32 32 32 32 32 32 32 32 33
32 32 33 33 33 32 32
32 32 32 32 32 32 32 32 32 32 33
32 32 0 0 0 37 41 41 41 41
41 41 41 40 40 40 38 37 41
51 42 41 0 0
0 32 32 32 32 32 32
33 33 0 0 0 0 0 0 0 0
0 0 0 0 42 42
41 41 41 37 19 0 0 0 0 0
0 0 0 0 49 23 23 23
23 51 24 0
0 0 23 14 23 23 23 23 23 23
23 0 0 41 0 49 49 22 50 50
50 49 50 50 41 32 33 33 33 32
32 32 32 32 32 32 32 32 32 33
32 32 32 32 32 32 32
32 32 32 32 32 32 32
32 32 32 32 32 32 32
32 32 32 32 32 32 32
32 32 32 32 32 32 32 32 32
33 33 32 32 32 32 0
0 0 0 0 0 0 0 0 0
33 41 0 0 0 32
32 32 32 32 32 32 32 32
32 32 32 32 32 32 32 32 32 32
32 32 32 32
32 32 32 32 32 32 32
32 32 32 32 32 32 32
32 32 32 58 61 40 40 40 40 40 67
67 67 67 64 64
67 67 67 67
70 70 70 70 70 70 49 40 49 49
49 40 49 49 49 49 40 49 49
41 40 40 40 41 40 40 79 70 79 79
52 70 70 70 70
70 67 70 70 70 76 76 76 67 79
79 33 33 33 32 33 33
33 33 32 32 33 33 33 33
33 33 33 33 33 33 33 33 33 32
32 32 32 32 32
32 32 32 32
32 32 32 32 32 32 32 32 0 0 0
0 0 0 0 0 0 0 0 0 0
0 0 0 32 32
33 33 33 33 33
33 32 32 32 32 32 32 32 32 32
32 32 32 0 0 0 0 0 0 0 0
0 0 41
4 0 0 0 41 13 22 22 23 23
22 22 22 22 22 22 22 22 22
22 22 22 22 22 22 22 23 23 23 23 23
22 22 22 22 22 22 22
22 22 22 13 13 14 14
14 14 14 14 14 14 13 13
41 13 41 41 32 32 41 32 32 32 32
32 32 31 0 0 31 31 32 31
32 32 32 32
32 32 33 0 0 0 0 0 0 0
0 0 0 0 0 32
32 32 37 46 37 10 19 19 19
19 19 37 40 40 37 31 31 31 31
32 29 29 29 29
32 32 29 29 28 28 29 29 28 28
28 28 28 28 28
31 32 32 32 32 31 1 1 1 2 2
11 70 70 67 64 65 64 65 65
64 67 70 70 70 70 70 70 70 70 70
70 70 70 70 70 70
70 70 70 70 70 70 70 70
70 70 70 70 70 70 70 65 65
64 64 64 64 65 65 65 65 65 64 64 64 64
64 64 64 64 64
64 64 67 64 67 71 71
71 41 49 49 49 40
49 41 41
11 41 40 40 49 49 49 40 40 40
0 0 0 0 0 0 0 0 0
0 0 0 0 0
0 0 0 0 0 0 0 0 0 0 0 0
0 0 0 0
0 0 0 0 12 11 11 1 0 19 0
0 0 0 0 19 0 0 0 20
19 19 0 70 70 70
67 67 67 67 64
64 64 67 70 41 41 41
40 40 41 40
40 40 40 40 40 40
40 40 40 0 0 40 40
40 40 40 40
40 40 40 40 0 0 0 41 41
41 0 0 41 41
41 41 41 41 41 41 41 41 41
41 41 41 41 41
41 41 41 41 41 41 0 0 0 0 0 0 0
0 32 41 41 41 41 41 41 40 40
40 40 40 40 40 40 40
40 40 40 40 40 40
40 40 40 40 40 40
40 40 37 40 40
40 40 41 40 40 40 40 40 40 40 40 41
49 0
11 0
