52 79 79 49 79 52 79 79
71 79
79 79 79 79 79 76 79 79
79 79 79 79 79 79 79
79 79 79 79 79 79 79 79
79 79 79 79 79 79 52 79
79 79 79 79 79 79
79 79 79 79 79 52 52
79 79
79 79 79 79 79 79 79
79 79 79 79 79 79 79
79 79 79 79 79 79 79 70
49 79 79 79 79 79 79 79
79 79 79 79 79 79 79 79
79 79 79 79 79 79 79 79 49
49 79 79 79 79 79 79 79
79 79 79 79 79 79 79 79
79 79 79 79 79 79 79 79 79
79 79 79 79 71 71 79 79
79 79 79 79 79 79
79 79 79 79 79 79 79
79 79 79 79 79 79 79 79 79
79 79 79 52 52 52 52 52
79 79 79 79 79 79 79
79 79
79 79 79 79 79 79 79 79 79
79 79 79 79 79 79 79
79 79 79 79 79 79 79 79
79 79 79 79 79 79
79 79 79 79 79 79 79 79
70 79 79 79 76 79 79 79
79 79 79 79 79 79 79 79 79
79 79 76 79
79 79 79 79 79 79 79 79
79 79 79 79 79 79 79 79
79 79 79 79 79 79 79
79 79 79 49 79 79 79 79
79 79 79 79 79 79 79
79 79 79 79
79 79 79 79 79 79 79
79 79 79 79 79 79 79
79 79 79 79
52 79 79 80 0 0 0 0
0 0 0 0 0 0 0 0 0
0 0 0 0 0 0 0
0 0 0 0 0 0 0 0 0
0 0
79 79 79 79 79 79 79 79
79 79 79 79 79 79 79 79 79
79 79 79 79 79 79 71
71 71 71 71 80 80 80
80 52 79 79 79 79 79 79
79 79 79 79 79 79 79 80
79 79 79 79 79 79 79 79
79 79
79 79 49 49 79 79 79
79 79 79 79 79
80 71 80 80 80 80
80 80 80 80 80 52 79
79 79 79 79 79
79 79 79 79 79 52 79 79
79 79 79 76 79 79 79
79 79 79 79 79 80 71 79
79 79 79 79 79 79 79 79 79
49 76 79 79 49
79 79 79 79 52 79 79 79
79 79
49 70 70 79 49 53 80
80 80 80 79 76 79 79 79
76 79 52 79
79 79 79 79 79 52 52
79 79 79 79 79 79 79
79 52 79 79 79 79 49 76
79 79 79 79 52 52 79
79 52 52 79 79 52 52
52 79 79
79 79 52 79 79 79 79 79
79 79 80 80 80 80 80
49 52 52 79 79 79 79 79
79 79 79 79 79 79 79 80
79 79 79 52 79
80 80 80 80 80 79 80
80 79 79 79
79 80 79 79 79 79 79
79 79 79 79 79 79 79 79
79 79 79 71 79 79 79
79 79
79 79 79 79 79 79 79
79 79 76 76 67 68 71 80
80 52 80 80 80 80 80
79 80 80 80 79 79 80
80 71 80
80 79 80 49 79 79 79
79 49 49 79 79 79
79 79 79 52 79 79 79 79 79
79 79 79 79 79 79 79 52 79
79 79 52 80 80 80
71 71 71 80
80 52 52 79 79 79 79 79
79 80 79 79 79 80
80 79 79 79 79 79
79 79 79 76 76 79 70 79 79
79 79 79
79 79 79 79 79 79 79 79
79 79 52 79 52 52 79 79 79
79 79 79 79 79 79 79 79 79 71
49 49 79 79 79 79 79 79
76 79 79 76 79 79 79 79
79 79 79
79 79 76 79 79 79 79 79 79
79 79 79 79 79 79 79 79 79 79
79 79 79 79 79 79 79
79 71 49 79 79 79 79
79 70 70 70 79 79 79 79
79 52 80 80 79 52 79
79 52 79 79 79 79 79 79 80
80 80 80 53 52 79 79 80
79 52 52 79 52 79 79 79 79 79
79 79 79 79 79 79
79 52 52
49 49 76 76 49 53 53 71
79 79 79 79 79 79
79 52 79 52 80 79
79 79 80 80 79 79 79 79
79 79 79 79
79 79 79 79 79 76 76 76 79
79 79
52 79 79 79 79 79 79
79 79 79 79 79 52
21 1 0 0
0 0 0 0 0
0 0 0 0 0 0 0
0 0 79 79 52 52 49
79 79 79 79
52 76 76 79 79 79 79
79 79 79 79 79 79 79 79
79 79 79 79 79 79 79
79 79
79 79 79 76 80 80 80
49 79 80 80 80 80 80 79
79 52 79 79 79
79 79 79 79 79 79 49 80
79 80 79
80 80 80 76 76 76 76
76 76 76 76 70 67 67
70 70 70 67 79 70 79
76 79 79 79 52 76 79
79 79 79 79 79 52 52 52 52
52 52 52 79 79 80 79
79 79 79 52 52 49
71 71 71 80 71 71 71
80 79 79 80 79 79 79 79
79 79 80 80 79 79 79 79
79 79 79 79 79
49 71 70 71 71 70 70 71
71 71 79 79 79
79 79 79
79 76 76 76 76 79 79
79 79 79 79 79 79 79 79
80 80 79 79 79 80 79
79 79 79 79 79 49
79 49 49 49 49 79 79 79 79
79 79 76 76 76 76 76 76
76 79 79 79 79 79 79
79 76 79 79 79 80 80 80 49
79 79 79 79 79 79 79
79 79 79 79 79
76 79 79 76 79 79 79 76 79
79 79 79 79 79 76 76
79 79 79 76 79 79 79 79
79 79 79 79 80 76 79 79 79
79 79 79 79
79 79 79 79 79 79 49 79
79 76 79 52 79 79 79
76 79 79 79 79 79 79 79
79 19 0 0 0 0 0
0 0 0 0 0 79 79 79 79
79 79 79 76 76 79
79 79 79 79 79 79 79 79
79 79 79 79
79 79 79 79 79 79 79
52 79 80 79
79 79 79 79 79 79 79
76 79 79 79 79 76 79
79 79 79 79 79 79 79 79
79 79 79 79 80 79 79 79
79 79 79 79 79 79 79
79 76 79 79 79 79 79
79 79 79 79 79
79 79 79 79 79 79 79 79
79 79 79 79 79 79 79
79 79 79 79 79 79 79
79 79 79 79 79 79 79 79
79 79 79 79 79 79 79
79 79 79 79 79 79 79
79 79 79 79 79 79 79 79
79 79
79 79 79 79 79 79 79
79 79 79 79 79 79 79 79
79 79 79 79 79 52 79
79 80 80 80 71 71 70 79 70
70 79 79 79 79 79 79
79 79 79 79 79 79 79
79 79
79 79 79 79 79 79 79 79
79 79 79 79 52
52 79 79 79 79 52
79 79 79 79 79 79 79
79 79 79 79 79 79 71 71 79
79 79 79 79 79 79
79 79 71 70 79 79 79
79 79 79 79 79 79 79
79 79 79 79 79 79 79 79
79 79 79 79 79 79
79 79
79 79 79 79 79 79 79
79 79 79 79 79
79 79 79 71 71 79 79
79 79 79 79 79 79
79 79 79 79 79 79
79 79 79 79 79 79 79 79
79 79 79
79 79 79 79 79 79 76 79
79 79 79 79 79 79
79 49 76 79 79 79
79 79 79 79 79
79 79 79 79 79 79 79
79 79 79 79 79 79
79 79 79 79 79 79 79
76 79 79 79 79 79
79 79 79 79 79 79
79 79 79
79 79 79 79 79 79 79 79 79
79 79 79 79 79 79 79 79 79
79 79 79 79 79 79 79
79 79 79 79 79 79 79
79 79 79 79 79 79 79 79
79 79 79 79 79 79 80
70 79 79 79 79
79 79 79
70 80 52 79 77 79 79
79 43 43 43 43 52
79 70 79 70 79 79
79 79 79 79 79 79 79
79 79 79 79 79 79 79
79 79 49 79 79 79 79 79
79 71 71 71 71 71
79 79 79 79 79 80
79 79 79 79 79 79
79 79 79 79 79 79
79 79 79 79 79 79 79 79 79
79 79 79 79 79 79 79
79 79 79 79 79 79 79
79 79 79 79 79 79
79 79 79 79 79 79 79 79
79 79
79 79 79 79 76 79 79
79 79 79 76
80 80 79 79 80 80 80
79 79 79 79 79 79
79 79 79 79 79 79 79 79
79 79 79 76 79 79
79 79 79 79 79 80 79 79
79 79 79 79 79 79
79 76 79 79 79 79 79
79 79 79 79 79 79 79 79 76
79 79 79 79 79 79 79 79
79 79 79 79 79 79 79 79
79 79 79 79 79
79 52 79 79 79 80 71
79 80 80 80 71 70 70
79 79 79 79 79 79 79
79 79 79
79 79 79 79 79 79 79 79
79 79 79 71
79 70 79 79 79 79 79 79
79 79 79 79 79 79 79 71 80
80 79
79 79 71 71 80 80 80 79 79
79 79 79 79
76 79 79 79 79 79 79 79
79 79 79 79 76 79
79 79 79
79 79 79 79 79 79 79 79
79 79 79 79 79 79
79 79 52 79 79 79
79 79 79 79
79 79 79 79 79 79 79 67
79 79 79 79 79 79 79 79
79 79 79 79 79 79 79
79 79 79 79 79 79 79
79 79 79 79 79 79 79 79
79 79
76 79 79 79 79 79 79 79 76
79 79 79 79 79 79 79
79 79 79 79 79 79 79 79
79 79 79 79 79 79 79 79
79 79 79 79 79 79 79 79
79 79 79 79 79
79 79 79 79 79 79 79 79
79 79 79 79 79 79 79 79
79 79 79 79 79 79 79
79 79
79 79 79 79 79 79 79 80 80
80 80 80 80 80 80 80 79
79 79 79 79 79 79 79
79 79 79 79 79 79 79 79 79 79
79 79 79 79 79 79 79 79
79 79 79 79 79 79 79
79 79 79 79 79 79 79
79 79 79 79 79 79 79 79
79 79 79 79 79 79 79 79 79
79 79 71 70 70 79 70 79
79 79 79 79 79 79 79
79 79 79 79 79 79 79 79
79 79 79 76 80 79 79 79
79 79 49
49 49 49 49 76 76 76 76 79
79 79 79 79 79 79 79 76 79
79 79 79 79 79 79 79
79 79 79 76 49 49 49 52
43 43 70 70 70 79 79 79
79 79 79
79 79 79 79 79 79 79 79
79 79 79 79
79 79 79 79 49 70 71 70
71 71 71 44 79
79 79 79 79 79 79 79
79 79 79 79 79 79 79
79 79 79 79 79 79 79
79 79 80 80 68 51 31 79
61 70 79 79 79 71 80 79 79
79 79 79 79 79 79 79 79
79 79 79 79 79 0 0
