31 31 40 49 46 40 31 32
32 31 40 40 40
31 31 31
16 40 43 43 43 43 67
40 31 31 58 58 58 58
31 31 31 40
40 61 61 34 61 31
31 49 49 49 40 31
13 31 31 31 40 31
31 16 40 16 31 31 31
31 31
31 31 31 31 13 13 40 40
40 13 31 31 40 31
61 58 58 58 58 58 31
31 31 31 31 32 31 31 32
31 31 31 32 32 32
32 32 31 31 31 31 31 40 40
31 31 31 31 40
40 40 40 40 58 58
31 40 31
31 31 31 31 31 40 40 40
40 40 40 40 40 40
40 40 40 13 13 13
31 31 31 31 31 31
31 40 40 40 31 31 31 40
40 41 31 31 31 40 40 49
40 67 67 40 40 40 40
40 40 40 40 40 40 40
40 40 49 49 40 40 40 31
31 31 31 40 40 40 40 31
31 31
31 40 40 40 49 40 40 67
67 31 40 40 40 40 40
40 40 67 40 40
31 31 40 40 40 40 40 31
31 31 31 28 28 31 31 31 31 31
31 31 31 31 58 31 31 40
40 40 31 31 40 31 31
31 31 31 40 40 67 67 31
31 40 40 40 67 40 40 40
67 31 31 31
40 40 40 40 67 40 40
40 40 40 67 67 67 67
31 31 31 31
31 40 40 40 67 67 40
49 49 49 67 67 40 40
40 40 31 31 31 31 58
31 31 40 67 67 40 40
40 31
31 40 40 40 31 40 40 31 40
40 40 31 31 40 49 70 70
70 67 40 31 31 31 31 31
31 31
31 58 31 40 16
31 31 31 31 31 32 31 31 40
31 31 31 31 58
31 40 40 79 49 79 79
49 40 40 31 31 31 40 31
32 32 40 49 40 43 40 67
40 31 4 4 31 31
31 31 31 31 31 31
28 28 31 55 58 31
31 31 1 31 31 31 31 40
4 31 31 31 31 31 31
31 31 31 40 31 40 40 40 40
40 67 67 40 40 40 40
67 40 67 67 67 40 40 40
31 61 61
40 40 31 31 31 31 31
31 40 40 40 40 31
31 31 31 31
32 31 31 31 31
31 31 31 32 31 31
31 31 32 32 31 31 31
31 19 0
0 0 0 0 0 1 1 1
1 0 0 0 0
0 0 0 0 0
31 31 31 31 31 31 31 31
31 31 40 76 31 31
31 31 31 31 31 31 31 31
31 31 31 31 58 31
31 31 31 40 40 31 31 40
31 31 31 58 31
31 49 49 49 49 49 49
40 40 40 40 40 40 67
67 31 40 40 31 31
31 40 40 49 49 49 40 40
31 40 40 67 49 49 49
40 67 40 19 1 0
0 0 0 0 0
0 0 0 0 0 0 0 0
31 40 40 40 40
31 31 40 16 16 31
32 31 31 31
40 49 49 40 40 40 40
40 31 40 40 40 40
31 31 31 31 31 40 40 70 40
40 31 31 31 31
31 58 31 31 31 31
31 31 31
40 49 49 76 49 49
40 31 31 31 31 31
40 40 40 31 31 31 31
31 31 31
58 31 40 49 76 76 49
40 70 61 58 31 31
31 31 58 31 31
31 31 58 31 31 31 31 31
31 40 40 40 31 40 49 49
49 49 49 49 49 31 40 49
76 76 49 40
40 76 76 31 40 40
40 40 40 40 40 31 31
31 40 49 49 76 76 49
52 61 61 43 70 43
70 70
52 79 52 70 70 70
70 70 61 61 61
70 70 61 31 31 31 31
31 31 31 31 31 31 31
31 31 31 31 31 31
31 31 31 31 31 31 31
31 31 31 31 31 31
28 31 31 31 31 31 1
31 31 31 31 31 31 31 31
43 43 31 58 58 58 61 61 40
40 40 49 70 70 52 79
79 79 79 70 40 40
40 40 49 49 49 40 31
37 37 31 31 40 40
40 49 76
40 49 76 31 40 40 40
40 31 31 31 40
40 49
31 31 31 31 40 40
31 31 31 40 40 37 40 31
31 40 49 76 76 49
40 31 31 31 31 40
40 40 43 43
70 31 67 19 19
40 40 40 40 40 52
52 43 79
49 19 49 40 49 46
46 46 0 0 0 0 0
0 0 0 0 0 0
0 0 0 0 0
0 0 0 0 0 0 0
0 0 0 0 0
0 0 0 0 0 0 0 0 0 0 0
0 0 0 0 0 0 40
13 43 61 43 40
31 61 61 31 40 40
40 40 40 40 40 40 40
40 40
31 40 40 31
31 31 31 31 31
0 0 0
0 0 0 0 0 0 0 0
0 0 0 31 40 40 40 40
40 40 31 31 31 31
31 31
52 79 40 40 40 40 40
40 40 40 40 40 40 40 31
31 31 58 0 0 0 0 0 0
0 0 0 0 0 0 0 0
0 0
0 0 0 0 0 0
0 0 0 0
0 0 0 0 0 0 0 0
0 0 0 0 0 0 0
0 0 0 0 0 0
0 0 0 0 0 0 0 0
0 0 0 40 40 40 40
40 31 40 40 49 43 43
31 46 46 76 49 49 40 40 67
31 31 31 31 31 31 31
31 62 62 34 31 32 40
43 43 71 70 41
44 70 70 31 61
61 40 71 71 43 43 61
61 61 58 58
61 31 31 31 31 31 31
31 31 31 31
31 32 49 49 49 46
49 49 49 31
49 52 52 52 49
49 67 67 67 67 70
70 40 40 31 31 31
31 31 31 31 31 31
31 41 49 49
44 31 31 31 31 40 40 40 40
40 49 49 67 49
40 31 31 31 31 31 31 31 31 31
31 31 31 31 31 31 31 31
31 40 31 31 31 31
76 40 49 46 49 49 49
40 31 31 31 40 40 49 79 49
49 52 40 31 31 31 31 31
31 31 31 31 31 40 49
49 76 49 40 31 31 40 40
31 31 43 52 79
49 52 61 58
31 40 40 31 31 31 40
40 40 40 40 31 31 31
31 31 31 40
40 40 40 43 44 61 41 71 70
31 49 49 52 40 40 40 40
58 58 40 43 58 58
31 31 31 31 58 58 58
40 31 31 58 31 31 31 40
40 40 40
40 70 61 40 40 70 79
76 49 0 0 0 0 0 0
0 0 0 0 0 43 43 40
71 70 70 31 31 31
31 31
40 49 49 79 43 43 71
40 40 40 58 58
40 1 1 28 31 31 31
31 31 31 31 28 28 28
28 31 31 28 28
31 31 31 28 28 28 31
31 40 46 46 46 46 49 40
40 31 31 31 31 31 40 49 49 49
49 79 79 79 52 52 52 52
79 76 40 40 31 40
40 40 40 37 37 40
31 28 31 34 31 31
34 31 31 28 31 4
4 31 31 31 31 31 31 31
31 31 31 31 31 31 40 40 40
31 31 31 58 61 61
31 58 58 58 58 40
49 49 49 49 40 31 31 31
31 31 31 31 31 31 34 31
31 31 31 31 31
40 40 40 40 31 31
21 21 21 21 21 21 21 21 21
21 10 10 1
1 1 1 1 1 10 10
1 1 1 1 1
1 1 1 1
1 1 1 1 1 1 1 1 1
1 10 10 1 1 1 1 1 1
1 1 1 1 1 1
1 1 1 1 1 1 1 1 1
1 1 1 1 1 1 1
1 1 1 1 1 1 1
1 1 1 1 1 1 1
1 1 1 1 1 1 1 1
1 1
1 1 1 1 1 1 1
1 1 1 1 1
1 1 1 1 1 1 1 1
1 1 1 1 1
1 1 1 1 1 1
1 1
1 1 1 1 1 1
1 1 1 1 1 1
1 1
1 1 1 1 1 1 1
1 1 1 1 1 1
1 1 1 1 1 1 1 1
1 1 1 1 1
1 1 1 1 1 1 1 1
1 1 1 1 1 1 1 1
1 1 1 1 1 1 1 1 1
1 1 1 1 1 1 1 1
1 1 1 1 1 1 1 1
10 19 19 19 19 19 19 19
10 19 19 10 10 1 1 1 10
1 10 10 19 1 1 40 40
49 49 49 49 49 76 49 52
70 70 43 49 40 40 40 40
40 31
31 31 31 1 31 31
31 1 31 31 31 31 4
1 1 1 4 31 31 31 31 40
40 31 31 31 28 40
40 40 40 67 67 67 67 67
40 40 31 31 31
31 31 31 31 31 31 31
58 40 49 49 22 49 31 58
31 31 31 40
31 31 49 49 46 37
31 31 41 41 41 41 41
41 49 49 40 67 67 70
70 70 52 52 52 52 70 52
52 79 52 52 52 70 70 70
40 40 31 31 31 58 58 31
31 40 37 31 31 31 31
40 40 40 49 49 49 49 40 40
40 40 40 40 40 40 40
31 31
40 31 31 31 31 28 31 31
31 31 28 31 31 31
28 28 31 31 31 40 40
31 31 31 31 31 31 31 31
31 28 31 31 58 58 31
58 58 58 58 31 31 40
49 79 79 79 70 70 79
40 79 79 70 31 31
31 61 31 31 31 31
31 31 31 31 31 31
31 31 31 31 31 31 52
79 49 49 49 40 70
70 79 79 52 79 79 31
31 31 31 58 61 31 31
31 31 31 28 58 58 58
40 40 40 40 31 0 0
0 0 0 0 0
0 0 0 0 0
0 0 0 43 40 40 40
31 61 61 61 61 61 31 31 31
31 31 31 28 31 31 31
40 49 49 40 31 31
40 40 40 49 76 49 40
49 40 67 40 40 40 40 40
40 40 49 49 49 49 76
76 76 40 70 70 70 70 43
43 52 79 40 40
40 61 61 40 49 49 49
49 52 43 70 70 31 40
31 31 31 31 31 31 31
31 31 70 40 46 46 49
79 52 52 52 61 43
34 31 43 43 70 61 61 61
61 55 58 61 62 62 61 61
31 31 31 31 31 31 31 31 31
40 40 40 31 40
49 49 40 40 40 49 49 49
40 79 79 79 79 79 49
70 22 22 49 40 49 22 25
25 71 40 40 46 46 46 46 67
71 71 31
31 31 34 61 61 61 61 61 61
61 61 61 61 61 61 61
43 43 43 79
79 79 40 40 67 47 47 47 41
50 50 41 50 41
50 40 40 31 31 31
31 31 31 31 31 31 31 31 31
31 0
