70 79 79 79 79 49 49 49
67 68 71 71 67 67 67
67 67 70 70 70 70 49
49 49 49 49 49 67 67 67
70 71 71 71 70 70
70 70 61 33 40 67
58 31 58 58 58 55 58
59 76 49 40 40
40 40 49 49 49 49
49 41 40 31 41 71 0 0
41 41 41 41 41 41 41
61 58 62 62 58 58 58 58
59 41 41 61 61 61 70 70 71
41 41 40 40 40 49 49
49 40 40 40 40 40 40 40
40 40 40 40 40 40 40 41
41 40 40 50 71
70 70 64 67 67 58 58 58
58 61 67 62 71 71 71
71 71 71 71 80 77 80
80 80 80 80 80 80 80 80
80 80 80 76 76 76 76 77
77 77 76 76 76 76 79
79 79 80 71 71 71 40
68 68 40 40 41 41 49 40
41 41 41 40 40 40 68
58 58 61 61 61 61
59 62 59 59 59 59 58
58 58 58 58 58 58 58 58 58 40
40 40 40 40 40 40 50 50
41 41 41 41
62 62 62
35 68 59 71 71 71 71 71 71
71 70 70 70 70 70 71 71
71 71 71 71 70 70
79 79 79 71 71 71 71
71 71 71 41 41 68 71 71 71 71
71 67 71 71 71 71 71 79 79
79 79 70 40 49 40 70 67 70
70 70 70 70 68 70 70
70 70 70 70 70 67 71 71
67 67 70 71 71 67 70
70 70 70 70 70 71 70
70 70 70 67 67 58 61
58 58 61 61 58 61 61 58
58 58 70 71 71 71 71
71 71 67 67 67 68 71 71
71 71 67 67 67 67 67 67 70
70 67 67 67 67 67 67 67 67 70
67 67 67 70 70
70 67 67 79 76 67 67
79 79 79 79 41 41 41 41 41
41 41 41 31 31 31 31 31 34
31 40 43 40 40 52 79
79 79 79 40 40 40 40
40 40 40 40 40 68 71 71
71 71 40 40 40 40 40 40
40 40 40 43 43
40 76 40 40 40 43 40
43 43 43 70 41 41
41 41 41 41 40 40
40 40 40 41 41 67 67 70
70 67 67 61 61 62 67
67 67 67 67 70 67 70 41 41
41 40 50 50 49 40 40 40
40 79 43 43 43 70
67 67 67 67 67 67 67 67
67 41 41 41 41 49 49
49 41 41 41 41 40 40 40
40 40 40 40 40 40 49
49 40 40 40 40 40
43 43 43 31 31 31 31 31
31 40 41 41 40 40 49 50
50 50 50 50 50 50 50
40 31 32 32 32 31 31 32
31 32 41 41 41 49
40 40 67 68 71 71 68
71 71 67 67 71 71
70 67 40 40 40 40 31
31 31 31 31 40 40
40 40 40 49 49 40
40 40 43 43 43 43 49 49 41
40 40 40 40 40 40 40
40 40 40 40 40 40 41
41 41 41 40 40 40 40 40
40 49 41 41 49 76
80 80 80 80 80 80 79
80 76 76 76 80 80 80
