71 71 71 71 71 71 71
71 71 71 71 71 71 71 71
71 71 71 76 79 79
79 76 79 79 79 79 79 71
71 71 71 71 71 71
71 71 68 67 68 68 71 71 71
71 71 71 71 71 71 71 71
71 71 71 71 71 0
0 0 79 79 52 49 41
71 71 71 71 71 71 71
71 71 71 71 71 71 71 71
71 71 71 71 71 71 71
68 68 68 68 68 41 41 68
71 71 71 71 71 71 71 71
71 41 49 49 71 71
71 41 41 41 41 79 79
79 79 41 41 41 71
41 52 49 49 49 67 68
41 68 41 67 67 67 67
67 71 71 71 71 71
71 71 71 71 71 71 71
71 71 71 71 71 68
50 53 49 41 41
41 41 49 49 40 49 49 49
49 71 71 71 71 41
41 41 80 70 49 41
71 71 71 68 68 71 71 71
71 71 68 68 68 71 71
64 40 40 40 71 71 71
50 50 41 41 41 41
41 41 71 49 41 41
71 71 71 71 71 71 68
68 68 71 71 71
71 71 71 71 67 70 70 70
70 71 68 68 68 69 69 69
68 67 67 67 67 67 67 67
67 67 71 71 71
71 71 49 49 49 49 49
44 50 67 41 41
41 49 49 76 49 49
49 49 49 49 49 41 41 41 41
41 41 68 71 71 71
41 41 41 68 71 71 71
70 67 68 68 68 68 68 68 41
41 41 41 41 41 41 41
41 41 41 41 41 41 44 49
49 41 41 41 41 41 41 41 41
41 41 28 67 67 67
67 67 58 58 61 50 41
41 71 71 71 71 71 50 49 49
49 49 49 44 71 71 41 41
40 40 40 40 40 40 40
41 41 41 41 40 41 41 49 49
49 49 49 49 67 68
41 41 44 44 71 71 71 71 41 41
49 49 41 71 71 71 71 71 40
67 67 67 67 40 40 40
67 67 41 40 41
67 41 41 41 49 41
71 71 71 71 71 71 41 41
41 41 49 49 41 41 41 41 71 71
71 67 67 67 67 67 67 67
67 67 32 41 41 59 62 62
62 62 71 71 71 68 68
71 61 61 62 58
70 67 67 67 67 71 31
31 40 71 23 23 23 49
49 41 71 71 49 71 71 71
71 41 71 71 71 71 68 71 71 71
71 49 41 71 71 71 71
49 49 49 49 49 68 68 68 41
41 68 49 49 49 49
71 41 41 40 41 41 44 71
71 71 71 71 40
40 40 40 40 31 31 31
31 40 71 71 43 68 68
41 41 41 41 74
74 77 77 74 74 74 74 74
74 77 77 77 77 77
77 67 67 76 76 67 67 76
49 49 49 49 49 49 49 49
49 49 51 51 51 51 50 50 41
41 41 49 49 41 41 41 41 41 41 41
41 41 41 41 44 44 40
40 40 40 40 49 40 76 49
76 76 73 74 73
73 74 74 77 77 77 77 77
77 77 77 77 77 77 76 76 76
76 76 76 77 77 77 77 77 77
74 77 77 77 74 74
74 74 74 74 74 74 76 76
76 76 76 76 49 49 49 40
49 49 40 43 43 40 41
41 41 41 41 41 41 41 41 41
41 41 41 41 41 71
71 71 71 71 41 41 41
41 40 49 49 49 40
40 41 71 70 71 67 67 67
67 67 67 68 68 68 59 68
41 68 59 68 59 59 59 59
59 62 71 71 71 68
68 68 68 67 67 67 70 70 70
70 70 41 41 41 41 41
49 49 41 41 41 41 76
76 76 73 73 76 76 76
76 76 76 76 76 73
76 76 76 76 67 67 76 76
76 76 76 76 76 77 41 49 49
49 49 49 40 43 40
43 40 40 40 40 76 76 80 80
80 80 77 77 77 80 80 80
80 80 80 80 80 80 76 76 76
76 76 76 76 76 76 41 41 41 41
40 41 41 71 71 71 71 68 68
68 41 41 71 41 41 41 41 41 41
44 71 71 71 71 50 41 14
11 41 41 41 41 41 41 41
40 40 41 41 41 41 40 40 40 67
67 67 67 67 67 67 67 68 68
68 68 68 68 68 67 71 70
64 64 67 67 67 76 40 41
41 41 41 41 41 41 71
41 41 41 41 76 76 76 67 67
67 68 68 67 67 49 49 49
49 64 64 67 67 67 67 49
22 23 50 49 49 49 49 41
41 41 41
77 77 77 77 77 77
77 77 77 76 79 79 79
79 79 79 53 80 80 41
41 41 41 41 73 73 73 73
73 76 79 79 79 46 46 49
49 49 49 49 49 49 49 49
49 37 67 67 68 67 67
68 68 80 80 76 73 73
73 73 73 73 74 80
49 49 49 49 40 40 41 50
50 50 50 41 49 49 49 49
49 49 49 49 49 49 49 49
49 49 19 19 19 19 19 41
71 71 71 71 71 71 71 71
41 40 40 40 40 49 49 49 49
49 22 49 52 52 52 52
52 52 52 43 43 49 49 50
40 41 41 41 41 41
41 64 67 70 70 70 70
77 77 77 77 77 77 77
77 77 77 77 77 77 77
50 50 77 80 80 80 80 77
77 77 77 77 77 77 77
50 40 40 49 49 49 49 40
41 40 40 40 49 49 49
41 41 41 41 41 41 41
41 41 41 41 41 41 41 41 41 41 41
41 41 41 41 41 41 41 41 41 41
50 80 80 80 80 80 80 77
77 77 77 80 80 80 80 80 80
80 80 80 80 80 80 80 80 77
80 77 77 80 80 80 80
49 41 41 41 41 41 41 41
41 41 68 67 79 79
79 79 79 79 79 79 79 79
79 79 79 79 79 79 40 70
71 71 71 41 41 49 52
52 52 52 52 49 49 50 50
50 50 50 41 68 41 41
49 49 49 40 40 67 64 64
67 67
67 67 67 67 67 41 41 50 50
50 49 73 73 73 73 73 73
73 73 73 73 76 76 41
41 19 19 50 41 41 41
41 41 26 26 26 26 26 26 26
26 26 26 53 26 53 53
44 17 35 35 44 53
53 53 53 50
40 49 46 49 49 41 41 41
38 41 41 41 41 41 41 76
76 76 76 76 76 76 73 76
37 46 46 46 46 46 49 49
41 41 41 41 41 53 53 26 26
26 26 26 26 26 26 26
26 26 26 26 26 26 53
53 80 71 71 73 73 73 73
73 73 73 73 22 23
23 50 49 76 73 37 37
37 28 1 31 31 28 37 23
50 76 76 73 73 73
73 73 49 23 49 73
73 73 23 23 26 41
41 44 44 44 44 26
26 26 26 26 26 26 50
46 41 41 41 44 41
41 41 41 41 41 41 41
41 41 40 50 50
41 41 41 41 41 49
41 41 49 49 49 49
76 80 80 80 80 80 79 79
79 77 77 77 77 77 77
49 49 49 49 49 49 49 49
49 40 41 41 41 49 49
49 49 49 49 71 49 76
49 49 49 49 49 53
53 52 76 77 80 80 76 79 79
79 49 49 49 49 49
49 49 49 41 41 49 49 41
44 44 41 49 52 49
37 64 70 71 68 71 70 70 70
49 77 77 77 77 77 77 76 76 76
76 76 49 43 40 43 40 40
40 41 71 68 41 68 68
71 49 49 49 41 71 71
49 40 67 67 41 41 41
41 49 49 40
41 40 40
49 49 41 41 49 49
49 50 40 43 43 41 41 41 41
41 41 41 44 71 77 77
77 77 77 77 77 77 80 81
71 40 49 41 41 41 41 41
41 41 41 41 41 41 41 41 41
41 41 42 42 42 42 41
41 41 41 41 40 41
41 41 41 41 41 41 41
41 41
41 41 41 71 49 49
49 50 41 41 41 71 71
71 71 71 71 71 71 71 71 71 0
