61 70 79 79 79 79 79 79
79 79 79 79 79 79 79 79 79
79 79 79 79 79 79 79
79 79 79 79 79 79 79 79
79 79 79 79 79 79 79
79 79 79 79 71 41 44
52 52 52 52 80 76
76 79 79 52 79 79 79
79 79 76 79 79 79 79
79 49 81 80 80 80 81 78
77 79 79 79 79 79 79 79
79 79 79 79 79 79 79
79 79 79 79 79 79 79 79
79 79 79 79 79 79 79 79
79 79 79 79 49 79 79 79 79
79 79 79 79 79 79
79 79 79 79 79 79 79 79
79 79 79 79 79 79 79
79 79 79 79 79 79 79
79 79 79 79 79 79
79 79 79 79
79 79 79 79
79 79 79 79 79 79 79
79 79 79 79 79
79 71 79 71 71 71 71
71 71 71 71 71
79 80 80 50 49 49 49 49
50 53 50 53 53 53 40 71
71 80 71 80 80
80 80 80 79 79 79 79
79 79 79 79 79 79
77 79 49 76 79 79 79 79
79 79 79
79 79 79 79 79 79 79 79 79 79
79 50 49 49 49 79 79 79
76 76 79 79 79 79 79
79 79 79 79 79 79 79 79
79 79 79 79 79 79 79
79 80 53 79 79 79
79 79 79 79 79 79 79
79 79 79 79 79 79
79 79 79 79 79 79
73 79
79 79 79 79 79 79 79 79 79
79 79 25 25 52
79 79 79 79 79 79 79 79
79 79 79 79 79 79 79
79 79 79 79 79 79 79
79 79 79 79 79 79 79
79 79 79 79 79
79 79 79 79 79
79 79 79 79 79 79 79 79
79 79 79 79 79 79 79
79 79 79 79 79 79 76
79 79 79 79 79 79 79
80 79 79 79 79 79 79
77 79 79 79 79 79 79 76
79 79 79 79 79 79 76
79 79 79 79 79 79 79 79 79
79 52 79 52 52 52 52
79 79 79 79 79 79
79 79 79 79 79 79 79
79 79 79 79 79 79
79 79 79 79 79 80 49
49 49 49 50 71 71
71 71 71 71 71 80 80
80 80 80 80 71 71 71 71 71
71 71 71 71 79 79 79 80
79 80 80 80 80 80 80
71 80 80 80 80 80 80
80 79 79 79 79 80 80
80 79 79 68 71 79
79 79 79 79 79 79 79
79 79 79 79 79 79 79
79 79 79 79 79 79 79 79 79 79
79 71 71 79 79 79 79 79
79 79 71 80 80 80 80 80
80 80 79 80 79 79
79 80 52 49 49 50 73
79 79 80 79 79 79 79 79
80 79 79 79 79 79
79 79 79 79 79 79 79 79 79
79 79 79 79 79 79 79
79 79 79 79 79 79 79
79 79 79 79 79 79 79
79 79 79 79 79 79 79 79
79 79 79 79 79 79 79 79
79 79 79 79 79 79
79 79 79
79 79 79 79 79 79 79
79 79 79 79
79 79 79 79 79 79 79
79 79 79 79 79 79 79 79 79
79 79 79 79 79 79
79 79 79 79 79 79 79 79
79 79 79 79 79 79 79 80
76 79 79 79 79 79 79 79
79 79 79 79 79
79 79 79 79 79 79 79
79 79 79 79 79 79 79 79 79
79 79 79 79 79 79 79 79 79 79
79 79 79 79 79 79 79 79 79
79 79 79 79 76 76 79
79 79 79 73 73 73 76 79 79
79 79 79 79 79 79 79 79 76 79
79 76 79 79 76 79 79 79
79 79 79 79 79 79 79 79
79 79 79 79 79 76 76
79 79 79 79 79 79 79
79 79 79 79 79 79 79
79 79 79 79 80
79 79 79 79 79 79
79 79 49 49 49 49 49 49 49
49 49 49 80 76 79 79
79 79 79 79 79 79 79
52 79 79 79 79 79 79
79 52 79 52 79 79 79 79
79 79 79 79 79 79 79 79
79 79 79 79 79 79
79 79 79 79 79 79 79 79 79
79 79 79 79 79 79 79
79 79 79 79 76 79 80
80 80 80 80 79 79 79
79 79 79 79 79 79 79 79
79 79 80 79 79 79 79 79
79 71 80 79 80 50 49 49
76 76 79 80 80 79 80
79 79 79 79 79 79
79 79 79 79 79 79 79 79
79 79 79 79 79 79 79 79 79
79 79 79 79 79 79 79 79
79 79 79 79 79 79 79 79
79 79 79 79 79 79 79
79 79 79 79 79 79 79
79 79 71 53 80 79 79
79 79 79 79 79 79 79 79 79
79 79 79 79 79 79 79
79 79 79 79 80 80
80 80 80 80 80 80 80 80 80
80 79 79 79 79 79 79 79
79 79 79 79 79 79 79 79 79
79 80 80 79 79 79 79 79 79
79 79 79 79 79 79 79 79 79
79 79 79 79 71 49 79 79
79 79 79 79 79 79 79 79
79 79 79 79 79 79 79
79 79 79 79 79 79 80
79 79 79 80 79 79 70
70 70 79 79 79 79 79 79 79
79 79 79 79 79 79
79 79 79 79 79 79 79 79 79
79 79 79 79 79
79 79 79 79 79 79 76
79 79 79 76 79 79
79 79 79 79 79 79 79 70
79 79 43 68 43 52 52
52 79 79 79 79 79
79 79 79 79 79
79 79 79 79 79 79 79 79 79 79
79 79
79 79 79 79 79 79 79 79 79
79 79 79 79 79 79 79
79 79 79 79 79 79 79
79 79 79 79 79 79
79 79 79 79 79 79
79 79 79 79 79 79 79
79 79 79 79 79 79 79
79 79 79 79 79 79 79 79 79 79
79 79 79 79 79 79 79 79
79 79 79 79 79 79 79 79
79 79 79 79 79 79 79 79
79 79 79 79 79 79 79
77 77 77 77 77 77 77
77 77 80 76 79 79 79
16 16 52 52 79 79 79 79
79 79 79 76 79 70 79
79 79 80 51 54 54 45
42 45 77 77 50 50 41 76
76 67 76 67 79 79
79 76 76 67 70 76 76 76
76 76 70 70 76 67
70 70 70 79 79 76 79 79 79
79 79 79 79 79 79 79 79
79 79 80 49 79 79 79 79
79 49 49 79 79 79 79
71 70 79 79 79
79 80 79 79 79 79 71 80
71 71 49 49 49 41
71 71 71 71 79 79 79 79 79
79 79 79 79 76 77
77 77 77 80 80 68 68 49
49 79 77 71 80 49 49
79 79 79 79 79 77
71 71 71 77 77 49
49 79 49 49 49 76 79 79
79 79 79 79 79 79 79 79 79
79 79 79 79 79 79
79 79 79 79 79 79 79 79 79
79 79 79 79 79 79 79
79 79 79 79 79 79 79 79 79
79 79 79 73 73 73 73 76
79 79 79 79 79 79
79 79 79 79 79 79 79 79
79 79 79 79 79 79 79
79 79 79 79 79 79
79 79 79 79 79 79 79 79
79 49 79 79 79 79 79 79
79 79 79 79 79 79 79 79 79
80 79 79 79 79 79 79 79 79 79
79 79 79 79 79 79
79 79 79 79 79 79 79
79 79 79 79 79 79 79 76
73 73 79 79 80 80 79
79 70 79 79 79 79 71
71 70 79 79 79 79 79 79 79
79 79 79 79 79 79 80
80 79 79 79 79 79 79 79
79 79 79 79 76 77
77 77 77 77 77 77 77 71 80
80 80 80 80 80 80 80 80 80
80 80 17 17 26 52 80
79 79 79 79 79 79 79
79 79 79 79 79 79 79
79 79 79 79 79 79 79 79
79 79 79 79 79 79 79
79 79 79 79 79 79
79 79 79 79 79 71
41 49 79 79 52 52 79 71
70 70 71 79 79 70 79
79 80 79 79 79 79 79 79
79 79 79 79 79 79 79 79
79 79 70 70 49 49 49
49 79 79 79 49 79 80 79
79 71
71 71 71 71 71 71 71 71
71 71 71 71 71 71 71 71
79 76 77 79 79 79 79
80 79 79 79 79 79 79 79
79 79 80 79 79 79 79
79 79 79 79 79 79 79 79
79 79 79 50 49 49 49 49
49 79 79 79 79 79 79
79 79 79 79 79 79
79 79 49 49 79 52 52 52
52 76 79 79 79 79 79
79 79 79 79 79 79
79 79 79 79 79 79 79 79
79 79 79 79 79 79 79 80
79 79 79 79 79 79 79 79 79 79
79 79 79 79 79 79 79 79
79 79 79 79 79 79
79 79 79 79 79 79
79 79 79 79 79 79 79
79 79 79 79 79 79
79 79 79 79 79 79 79
79 79
79 79 79 79 79 79 79 79
79 79 79 79 79 79 79
79 79 79 79 79 79 79 79
79 76 79 79 79 79 79
79 79 79 79
79 79 79 79
41 41 41 71 79 79 79 79 79
79 79 79 79 79 79
79 79 79 79 79 79 79
79 79 79 79 79 79 79
79 79 79 79 79 79 79 79
79 79 79 79 79 79 79 79
79 79 79 79 79 79
79 79 79 79 79 79 79 79 79
79 79 79 79 79 79 79 79
79 79 79 79 79 79 79
79 79 79 79 79 79 79
49 49 49 49 49 49 49 49 41
41 41 41 41 49 49
49 49 49 49 49 49 79
79 79 79 79 79 79 49
76 76 76 76 52 76
79 76 76 79 79 76 79 79
79 70 79 79 49 49 79 79 79
79 52 52 49 49 49
79 79 79 79 79 79 79
79 79 79 79 79 79 79
79 79 79 79 79 79 79
49 49 79 79 79 49 49 79
79 79 49 49 49 49
52 52 52 52 52 52 49
79 79 79 79 49 79 79
79 49 49 79 79 79 79
79 79 79 79 79 79
79 79 79 79 79 79 79 79
79 79 79 79 79 79 79 79
79 79 79 79 79 79
79 79 79 79 79 79 79
79 79 79 79 79 79 79 79 79 79
79 79 79 79 79 79 79 79
79 79 79 79 79 79 79
79 79 79 79 79 79 79 79 79
79 79 79 79 79 79 79
79 79 79 79 79 79 79 79
79 79 79
79 79 79 73 73 73 49
41 44 71 71 71 49
49 49 79 79 67 67 67 67 71
79 79 79 70 70 79 76 79 79
76 68 68 41 68 68
41 68 41 41 71 71 71
71 71 71 71 71 71 49 49 76
76 79 79 79 79 52 25 16 16
16 16 49 79 79 79 79
79 79 49 79 79 79 79 79
79 80 80 77 76 76 76 76 76 79
79 79 79 79 49 49 49
76 76 76 76 76 76 76 52
79 79 71 80 71 71 71 71
71 71 71 71 71 80 79 79 79
79 79 79 79 80 79 79
79 80 80 80 80 80 80 80
80 80 80 80 80
80 80 80 80 80 80
80 80 80 79 80 80 80 71
71 71 71 80 80 79 79 79
79 79 80 49 79 79 79 79
79 79 79 79 79 79 79 79 79
79 79 79 79 79 79 71 49
49 49 49 68 71 71 71 71
71 68 49 79 79 79 79 79
79 79 79 79 76 79 79
79 79 79 79 76
71 71 71 71 71 71 71 71
80 80 79 79 79 79 49
49 40 68 68 76 49 49
50 68 68 68 68 68
76 76 76 76 68 67 71
71 71 71 79 79
79 79 79 79 79 79 79 79
79 79 79 79 79 79 79 79
79 79 80 76 76 76 79 79
79 79 79 79 79 79 76 76 49
46 77 79 70 70 79 79 79
79 79 79 79 79 79 79 79
79 79 79 79 79 79 79
79 79 79 80 80 80 79 79
79 79 79 79 79 79
79 79 80 79 53 52 53 53 53
53 53 53 53 53 53 54 44
25 53 53 53 53 53
53 53 53 53
53 53 53 80 80 80 80
53 53 71 71 71 71
71 71 71 71
71 71 71 71 71 71 71 71
71 71 71 71 71 71 71 71 71
71 71 71 53 80 80 80 53
53 80 80 80 80 71 71
53 53 53 53 53 80 80
80 52 79 79 79 79 79
79 79 79 79 79 79 79 79
80 80 80 80 80 80 80 79 79
79 79 79 79 79 79 80 49
49 49 50 50 50 76 70 67
70 43 40 70 76 76
49 53 53 50 49 50 49 49
49 49 79 79 79
79 49 49 41 41 41
71 71 71 50 50 41 50
77 49 52 49 49 52 52 79
79 79 79 79 79
79 79 79 79 79 79 79 79 79
79 79 79 79 79 79 79 79 79
79 79 79 79 79 79 79
79 79 79 79 79 79 79 79
79 79 79 79 79 79 79 79
79 79 79 79 79 79
79 79 79 79 79 79 79 79
79 79 79 79 79 79
79 79 79 49 49 49 49
49 49
49 50 41 41 49 49 49
49 79 79 79 79 79 79 79
79 79 79 79 79 79 79 79 79
79 79 79 79 79 79 71
80 80 80 79 79 79 79 79
79 70 79 79 79 79
79 79 79 80 80 80
80 80 80 80 79 77 76
52 76 79 49 79 79 79 77
67 70 70 70 67 67 67 71
71 70 71 71 71 71 71 71
71 71 71 71 71 71 71 71 71
71 71 71 70 49 79 79 73
67 79 79 79 79 79 79 79 79
79 79 79 79 79 79
79 79 79 79 79 79
79 79 79 79 79 79 79 79
52 71 71 71 70 40 40 31
71 71 71 71 71 70 71
80 41 41 41 41 41 41
79 79 79 80 80 80 79 79
80 80 80 80 80 79
79 71 71 79 79 79
71 71 71 71 80 67 76 76
76 67 67 67 71 71 71 80
71 77 76 70 70 70 70 70 70
70 79 79 79 79 79 79 79 79
79 79 79 79 79 49 49
49 49 49 46 46 41 41 41 41
41 41 41 41 41 40 40 40 40
40 41 41 41 49 44 53 53 53 53
53 53 53 68 49 71 71 71
71 71 71 71 71 71 80 79 79
79 80 80 80 80 71 71 71
71 71 80 76 76 76 49
49 49 49 76 79 79 79 79 79 79
79 79 79 79 79 79 79 79
79 79 79 79 79 79 79
79 79 79 79 79 79 79 79 79
79 79 79 79 79
79 79 79 79 79 79 79 79 79
79 79 79 79 52 49 79
79 79 79 79 79 79
79 79 79 79 79 76 76
79 76 76 76 76 76
76 76 76 76 76 76 76 76
76 76 79 76 79
76 79 79 76 79 79 79 79 79
79 79 79 79 79 79 79 79
79 79 79 79 79 79 79
79 79 79 79 79 79 79
79 79 80 79 79 80 79 79
76 49 41 41 71 73 76 73
79 79 79 73 73 73 73
73 73 73 73 79 79 79 79
79 79 79 79 79
79 79 79 79
79 79 79 79 79
79 79 79 79 79 79 79 79
79 79 79 79 79 79 79
79 79 79 79 79 79 79 79 79
79 79 79 79 79 79 79 79
79 79 79 71 74 73 73
76 76 76 61 58 58 58
76 70 79 79 79 79
79 70 79 79 79 79 79 79 79 79
79 79 79 79 79 79 79 79 79
76 0 0 0
