79 79 70 40 70 70 70 71 21
0 0 0 0 0 0 0
0 79 71 71 71 71 71
40 40 40 70 70 70
43 71 62 70 70 70 79 79 40
79 79 79 70 40 61
61 70 70 79 79 79 79
79 79
70 40 70 71 71 70 43 43
52 43 79 0 0 3 11
20 20 12 21 12 20 0 1
0 0 1 40 40 49
40 52 79 79 79 40 61
70 70 79 79 79 79 79
79 71 79 79 79 79 52 43
70 70
25 43 43 70 70 71 80 80
70 70 71 71 71 40
40 21 21 21 10 19
1 10
19 79 79 71 71
79 71 71 71 71
40 70 70 70 70 79
79 70 70 40 41 79
70 70 70 40 40 40
70 70 79 70 67 67
71 71
67 49 49 71 71 71 70
31 31 31 31 31 31 70
43 61 61 70 70 71 71 80
79 79 79 70 40 40
79 79 70 70 71
70 40 23 0 0 0
0 0 0 0 70 70 70
70 70
70 70 40 40 31 34 61
61 61 43 70 70 43 43
79 79 70 70 40
79 79 70 43 79 79
70 70 40 70 70 43 70
70 70 49 49 49 49 49
76 79 70
70 43 70 70 79 52 79
70 62 70 70 70 71 71 71
71 70 49 79 79
76 40 70 79 71 80 43 52
70 70 62 61 62
62 71 71 79 79 70 70 70
70 70 79
62 70 70 70 79 52 70
70 70 70 43 52 79 70 70 79
79 79 71 70 79 70 70 70
79 70 71 40 40 79 70
71 80 80 41 70 70
40 70 40 40 40 79 79 43
70 61 34 70 43 79 79
79 79 70 71 71
41 49 79 70 71 71
44 52 52 43 41 71 71 70
43 49 79 79 79 70 70
25 44 70 70 40
79 70 70 79 79 79 61
61 61 70 70 70 70 70
70 79 79 70 40 40
40 67 67 0 0 0
0 0 21 52 52 70 70 70
61 43 43 52 79 52 70
40 70 70 70 40 70 71 71
70 67 76 79 79 79 79 70 70
70 70 71
70 79 71 71 79 70 70 70 70
79 79 70 61 61 40 40
70 70 61 61 62 79 79 79 79
70 40 40 40 70 61 70
79 79
52 70 70 61 61 79 71 71
40 79 79 79 71 43 79
79 79 79 70 70 79
49 79 79 79 79 79 79 43 79
79 79 79 79 70 70 52 52
79 79 79 52 52 52
79 61 70 70
70 71 70 70 70 79 79
49 49 79 70 70 70 70 61
71 71 43 79 71 71 40
70 70 70 68 70 71 71
70 70 70 70 71 71 71
43 70 70 70 62 61
61 70 43 40 40 41 41 52
52 49 49 70
70 70 70
70 70 43 79 43 52 70 70 70
70 70 40 40 40 71
70 71 52 79 79 52 52
79 52 70 70
40 67 70 70 70 43 79 79
79 79 70 61 70 70 40
40 71 43 43 70 43
71 71 43 71 40 70 70 71
79 79 79 79 71 25 25 70
70 70 62 40 40 71 70
61 61 62 70
52 79 79 70 79 41 61
61 71 79 79
79 71 70 79 79
0 0 0 0 0 0
0 0 70 79 79
79 79 79 71 50 80 80 80
43 40 61 61 52 52 79
79 79 79 79 79 70 79
76 80 80 77 80
80 71 44 50 50 41 70
71 70 61 70 40
70 71 70 70 79 79
79 79 79
40 40 70 61 61 70 70
25 25 52 52 79 70 70
40 40 70 70 43 79 70
52 61 61 61 61 70 79 70
40 19 19 19 19 19 19 49
40 41 41 41 71 80 40 79
80 79 79 79 79 43 41 43
50 80 71 61 61 40 40 40
40 40 79 70 79 79
79 76 49 49 49 49
70 70 70 40 49
79 70 70 79 79
76 70 67 79 79 71 40 79
79 71 53 79 79 71 43
70 70 70 40 40
70 70 40 79 79 70
70 70 40 70 70 43 43
70 70 70 40 40 79 79 79
79 70 71 71 16
17 70 70 70
49 79 79 70 43 70 70
71 40 79 79 79 70 79
79 79 79 79 79 70 70 71 43
43 61
19 19 19 19 19 19 19 19 19
19 19 19 62 43 43 70 79 79
40 40 40 70 70 40 40 40 79
76 67 40 40 40 43 43 52
52 52 79 52 52 79 79 70
70 70 40 40 37 40 40 40 40
40 40 40 41 41 41 71 70 70
43 79 79 79 79 70 40 40 49 79
79 79 52 43 79 79 71 70
70 70 40 76 79 70 70 70
70 70 41 40 71 71 70 70
70 70
52 79 70 79 79 70 70 70
70 79 79 79 70 71
71 79 80 70 71 70 71
70 52 52 52 71 70
79 79 79 79 79 79
43 43 70 70 43 79 79
79 70 70 79 79
79 79 79 70 70 61 61 40
70 43 43 79 52 70 71 61
70 70 52
79 79 71 70 61 61 61 34
70 70 70 71 71 71 71 71
49 79 52 79 26 53 71 71
71 71 71 70 40 40 40 40 40 40
43 70 70 52 79 71 71
41 41 79 79 79 79
40 43 43 70 70 70 79 79
70 71 40 49 49
70 70 70 70 71 43 16 70 70
70 79 71 79 70 79 52 79
79 79 79 71 41 41 40 70 79 79
80 80 79 71 61 62
71 70 70 79 79 79 70 70
70 79 79 70 79 79 70
70 43 43 71 43 70
79 70 61 40
40 80 81 70 70 70 70
52 52 49 49 70 40 40 70
61 40 70 70 70
52 70 70 70 70 67 67
76 70
70 70 40 79 79 79 70 43
79 43 79 79 71
70 70 41 31 61 70 43
52 80 71 79 79 70 52
43 70 70 70 40 49 49
49 79
70 40 70 40 40 70 71 70
43 34 34 43
79 79 67 67 40 67 70
70 43 61 67 67 40 79
43 52 52 52 71 71 79
79 71 71 71 70 70
70 43 70 70 70 71 71
70 70 67 64 64 70 70 64 64
67 70 70
52 79 79 79 70 70 70 70 70
70 70 70 70 70 70 70 67
70 70 61 70
70 70 43 43 79 79 71 71 71
70 70 70 70 70 70 40
79 70
40 40 31 31 31
31 61 61 79 79 43 79 70
43 52 52 79 79 79 49 49
49 49 76
79 70 43 43 70 70 79 79
70 70 71 71 43 49 79 79
79 79 79
40 70 70 49
79 70 61 1 1 1
1 1 1 1 1 1
1 1
79 79 80 80
80 79 49 79 70 70 71
79 79 71 70 67
70 71 71 71 67
41 41 41 71 52 52 52 79
79 70 43 70 70 70 80
71 71 43 70 70 71
71 79 71 71 40 40 43 70
70 70
70 70 70 70 70 71 71
70 70 70 70 70 70 43
79 79 79 70 71 70
70 70 40 70
79 79 67 79 79
70 79 40 79 79 79
79 79 70 70 79 70
61 61 61 62 70 70 40
40 40 70 70 70 70
61 71 71 70 70
70 70 70 70 70 70 70 70 70
70 71 43 70 62 61
79 79 79 79 79
0 0 0 0 0 0 0
0 0 79 70 70 79 40 40
40 40 40 41 41 44 44 61
61 61
61 61 61 61 70 70 70 70
70 79 79 79 79 70 62 1
1 1 0 0 0 0
0 0 0 79 71 41
79 79 70 70 70 70 52
43 61 61 71
71 80 31 70 71 71 71
70 52 79 79 79 70
70 79 79
79 79 79 40 62 61
62 61 79 79 79
79 79 70 79
79 79 79 79 79 79
61 43 43 79 79 79 79 79 79
79 79 71 71 71 71 70
70 62 62 61 62 70 79
79 79 79 49
70 70 61 61 61 61 61
70 43 70 79 79 79 43
43 61 43
79 79 70 62 70 70 70 70 41
41 41 71 71 70 70 70
70 71 79 79 70 70 79
70 79 79 79 79 79
79 79 79 79 79 43 16 16 16
16 16
43 70 70 70 79 79 79
53 53 53 63 63 62 43
53 43 71 43 52 79 79 61
61 62 62 61 61 67
70 67 71 79 40 49
49 49 49 49 79 52 49
67 79 79 40
40 40 70 70 70 70 70 40
40 40 70 79 70 79 79
79 43 79 79 70 70
70 70 70 70 70 71 44 53
79 79 70
79 79 79 70 71 79 79 70
70 79 70 70
67 68 70 40 40 40 70 67 70
70 70 79 79 79 79
79 79 79
79 70 70 71 50 50 50 70
79 79 71 70 61 61
70 79 49 3 3 3
3 3 3 3 3 3 3 3
3 3 3 3 43 61 61 61
61 70 70 70 71 43 43 43 70
70 70 61 61 61 61 70
70 70 70 70 70 70 70
70 70 70 70 71 40 70 70
70 70 71
41 70 61 61 70 61 61 70
61 70 79 79 79 79 79 79
79 79 70 79
52 79 70 70 70 70 61 40 70
70 70 70 70 70 79 79
79 52 79
79 79 79 70 79 70 79
70 61 34 61 61 61 61 70
79 79 79 61 70 79 79 79
21 21 21 3 21 21 0 0 0
0 0 0 0 0 68 77 68 68 68
68 68 68 68 41 40
40 61 61 61 70 70 70 70
70 70 70 70 70 61
61 79 79 79 71 71 70 71
71 70 61
61 61 61 61 70 79 79 70 70
70 71 71 79 79
79 70 70 70 70 70 70 70
70 79 43 70 70 70 70 40
40 41 40 67 67 70 40 70
70 70 80 72 70
70 70 70 70 70 70
70 61 70 70 70 70 70
61 61 62 62 70
79 71 71 61 62 61
43 70 62 61 61 62 43
70 70 79 79 70 70 70 70
70 79 79 79 70
70 43 43
71 79 79 71 70 71 70
70 70 70 61 61 43 41 71 61
70 70 40 40 40
41 41 41 41 40 31 31
31 31
40 40 40 41 71 71 71 71 71
70 70 70 43 43 70
70 70 79 71 61 61 61
71 70 43
71 71 71 70 43 43 43
70 70 70 70 70 70 70
70 71 70 79 70 79 70
61 61 62 61 61 61 61 70
40 40 40 70 70 70
70 70 70 43 43 70 70
70 70 71 43 43 70
79 79 79 79 40 49 49 49
49 49 71 71 41 10
40 41 67 70 79 79
80 80 79 43
43 43 49 70 70 40 40 70
67 40
70 43 52 52 53 53
71 70 70 70 70 70
70 70 70 70 70 70 43 70
70 70 43 43 70 52 43
79 40
79 70 70 40 40 70 70 70 70 70
40 67 70 71 71 79 79 79
79 70 79 43 61 61 61
43 70 21 1 0
0 0 0 43 79 70 79 79
70 70 79 79 70 61
61 61 62 79 79 79 79 79
79 79 79 70 40 70 70 70
70 70 70 19 19 19 20 21 20 19
20 20 0
0 0 0 0 0 71
79 52 70 43 70 70
61 70
70 79 79 43 70 70
70 70 70 70 70 70 70 71 71 71
71 80 52 52 52 25 25 52
52 79 40 40 40 70 70 70
71 70 70 70 70 70
71 43 70
79 49 62 63 71 71 71
43 71 70 63 70 70 79
70 70 79 79 79 79 70
70 70 43 79 79 70 79 79
70 70 40 49 49 49
61 61 70 70 43 70 70
70 43 43 70 70
70 70 43 43 70 70
70 70 70 79 79 70
70 70 70 70 70
71 70 79 70 43 79 79
70 70 61 61 70
71 71 71 70 70 70 61
61 61
79 79 79 71 80 80 80 80
79 79 79 79
70 70 61 70 70 80
80 80 40 79 70 70
70 79
79 79 79 71 40 40 43
70 61 70 70 70 70
80 71 71 72 70
70 79 70 79 79
79 70 40 70 79 79 79
79 79 79 40 70 70
41 41 79
79 79 70 70 70 70 70 71 70
67 67 67 71 71 71 71
71 70 43 40 61 70 52 52
62 62 62 61 61 61 71 40 40
31 31 31 31 67 67 67
70 40 61 61 79 49 49
71 71 71 71 40 40 40 70
71 41 70 71 70 71 40 40 40
43 71 41 41 40 40 71
62 43 43 71 71 44 79 79
79 52 52 79 79 79
40 70 70
70 70 70 71 71 70 70 70
67 71 71 76
71 71 71 70 70 40 79 49
79 79 71 70 67 37 37
31 61 61 61 31 31 61 61 61
40 31 31
61 43 79 71 71 76 40 40 70
70 71 71 41 41 41 70 70 70 70
49 49 79 79 79 79 71
79 79 71 40 40 70 70 40 40
71 71 31 31 31 71
71 71 79 49 79 76 49 49 49
40 40 31 61
62 71 71 70 70
70 70 41 41 70 70 40
61 40 70 61 71
40 31 61 34 70
70 70 70 67 71 71 71 71
71 71 62 40 70 40 40 79
79 71 71 70 70 70 70
71 40 40 40 79 79 79 70 70
40 40 40 61 61 61
79 79 79 79 79 79 79 70
70 71 70 70 70 70
40 70 70 70 71 71
71 71 40 40 79 71 71
70 40 43 70 70 70 40 70
71 71 70 31
31 31 79 70 70 71 68
67 70 70 70 31 31
71 71 40 79 79 79 49 49 79
71 71 71 70 70 70 71 49 79
79 79 79 79 79 79 40
31 63 63 63 63 52
52 70 70 31 62 62 62
70 40 40 40 70
71 71 70 70 67 70 70 70
67 43 79 76 70 70
67 70
67 70 40 40 70 79 40
40 40 40 70 67 61 61
34 79 79 79 70 70 40 40
31 31 70 70 70 61
43 43 52 79 79 79 79 79
79 79 79 52 79 70 70 43
79 79 79 79 50 79 79
79 43 79 79 70 70 40
40 70 79 79 70 40 49
70 70 70 70 79 79 70 49 79 70
79 70 67 70 70 70 71
79 70 70 70 40 34 34 40
41 41 41 41 79 79 79 70
71 71 52 79 79 79 71
71 71 71 70 79 79 79 70
38 38 38 38 38 38 41 41
41 41 41 52
79 79 49 40 40 40 79 70
70 70 79 70 79
79 79 79 79 79 71 71 40
40 41 41 41 71 71 71 71
71 71 71 71 71 44 17 0
