70 40 40 70 67 70 67 70 43
40 58 58 40 61 61 61 58
43 43 43 43 43 70 70 67
67 61 70 40 67 40 37 67
70 70 67 40 40 40 40
40 37 37 40 40 40 67 67 31
31 40 40 40 67 40 40 40
40 67 40 70 70 70 67 70 67
67 67 67 67 67 70 70 70
40 40 67 40 40 67 67 67
67 40 13 67 68 67 68 67
67 40 40 40 40 61 70
70 67 67 40 40 40 40 40 40
31 40 31 31 31 31 40 67
70 40 40 40 40 67 70 67
67 31 67 67 40
40 40 67 67 67
40 40 40 40 70 40
40 31 40 40 40 40
40 67 67 31 67
31 31 31 52 43 43 43 40
67 70 79 79 70 79
79 79 79 74 74 74 74 74 74
40 40 31 67 40 40 40
50 41 40 40 40 40 40 40
40 40 40 40 40 40 40
40 40 67 67 40 40 40 67 40
40 67 67 31 31 31 40 40
31 31 40 40 40 31 31 40
40 40 67 40 31 31 31 31 40
40 31 31 31 31 31 67 67
58 40 67 31 40 40 31 31
31 31 40 31 31 31 31 31 40
31 40 40 70 70 40 40
41 31 31 31 40 40 31 31
31 31 58 58 58 67 40 40
77 77 50 40 40 11 11 11
11 11 11 11 11 11
11 11 11 11 11 11 11 11 49
49 79 79 40 67 67 40 49
49 41 40 40 40 40 40 40 40
40 31 31 31 31 31 40 67
40 40 40 67 67 40 40 40
40 40 40 40 67 40
40 40 67 70 40 40 40
40 76 40 40 40 40
31 31 40 49 49 67 40 67
40 40 40 67 67 67 58 58 70
67 67 67 67 67 67 70
70 40 40 40 70 70 40
67 67 67 40 40 40 40
31 40
40 40 40 49 40 31
40 40 40 67 31 31 67 67
67 67 67 40 40 40 40 40
31 31 31 40 40 40 40 40
40 67 40 40
40 40 49 49 49 40 40 40 40
40 40 40 67 40 40 40 40 40
31 40 40 40 40 40 40 40 40
67 67 40 40 40 40 40
68 40 40 67 70 67 67
67 67 67 67 67 67 67 67 40
70 70 40 70 70 58 31
34 58 31 40 40 40 40
40 40 40 40 40 13 40 40 40
31 31 31 40 40 31 31
53 40 40 40 31 67
67 67 40 40 40 40 40
67 67 40 40 40 40 40
40 40 40 40 40 40 40 40 46
46 40 40 40 40 40 40 40
19 10 40 31 31
31 40 40 40 40 40 40
40 40 40 40 31 31 31 40 40
40 40 10 40 76 40 40
31 31 32 32 31 31 31
31 31 40 40 40 40 40 40
40 40 67 40 40 40 67
67 40 37 40 40 40 67
40 40 67 67 67 40 40
67 67 70 70 70 67 67
40 40 40 67 70 40 40 67
67 67 67 67 40 31 31 40
67 40 67 67
40 67 67 67 67 67 67 40
40 31 32 31 40 40 40 40
40 40 40 40 31 31 40
67 67 67 67 67 64 67
67 67 67 67 67 67 67
67 31 40 40 40 40 67 67
67 40 40 67 67 40 55
67 40 40 40 40 40 40
40 40 40 40 40 40 40 40
40 70 40 22 40 31 31
31 40 40 40 40 40 40
40 40 40 40 40 40 31 40
40 40 40 41 40 40 40 40
40 37 37 67 40 31 31 31 40
41 40 40 40 40 40 40
40 43 40 40 40 40 31 31
31 31 40 40 40 31 40
40 40 40 40 40 40 40 67 40
40 52 52 52 31 31
58 31 31 79 34 61 58 58
40 70 40 67 67 67 67
67 67 31 31 31 31 32
31 76 76 49 40 49 49 40
40 40 49 49 49 40 40 31 40
67 40 40 76 76 67 40
40 40 67 40 40 67 40 40 40 40
67 67 67 67 67 67
67 67 67 40 40 40 46 40
40 67 67 67 67 67 70 67
67 67 40 67
40 40 40 49 40 40 40
40 67 40 40 40 40 40
40 40 40 40 40 31 31
40 40 67 40 79 40
31 31 31 40 67 40 41 40
40 40 40 40 40 40 40 41 41
41 40 40 67
76 76 0 0 0 19 0 0
0 0 0 0 0 0 0
0 0 0 0 0 0 0
1 1 1 79 67 67 40 70
70 43 52 52 43 70
70 70 67 70 70 70 70 70 70
70 70 40 49 76 49 49
40 40 40 31 40 40 40
67 67 40 40 40 40 40
40 40 40 40 40 40
49 76 40 40 40 67
40 40 40 40 67 40 40
40 40 40 40 40 40 67 67 67
67 67 67 64 67 67 67
67 67 67 67 40 49 40 40 40
49 49 40 40 40 67 67 40
49 70 67 67 67 76 76
76 49 49 50 50 49
76 40 40 40 31 40 49 40
40 40 40 40 40 64 64
67 40 40 67 40 40 40 40
40 40 40 40 67 76 76 76
40 40 49 49 49 49 49 49
49 40 49 49 40 40 40 40 41
67 40 40 40 40
67 67 40 40 40 67
40 40 67 67 67 41 40
40 40 40 67 40 40 40
40 40 76 77 76 40 40 40 40
40 67 67 40 67 67 40 40
40 40 67 67 67 64 67
40 49 40 40 40 40 40
40 31 67 40 40 40
40 40 40 40 40 40 40 40 40
67 40 40 40 40 40 67
40 40 40 40 40 49 40
40 40 49 49 67 40 67
67 67 70 67 67 71 71
31 31 67 40 67 67 58 67
67 40 40 40 40 10
40 67 40 68 70 70 70
33 40 79 79 52 52 43
40 40 40 49 49 49 76 79
40 40 79 40 40 40 67
67 67 67 67 40 67 67 67
67 67 40 40 40 40 40
49 67 67 49 49 49 40 40 67
67 67 67 40 49 50 49 49
40 49 76 76 49 40 40 40
51 51 51 40 76 67 40
40 40 40 40 40 31 58
58 40 40 40 40 67
67 70 70 40 40 67
67 40 40 52 43 71 71
43 43 43 43 43 70
67 40 40 40 68 70 67 67 40
40 67 67 67 67 67 67
64 67 67 67 67 40 49
67 67 67 67 67 49 49
40 40 76 49 76 40 40 40
40 40 67 40 40 40 40 40 67 67
67 67 67 31 67 67 40 40 40
67 67 67 40 40 40 67
40 64 67 40 40 67 67
40 40 40 40 40 40 40 40
49 49 40 40 40 40
40 40 40 49 40 40 40 40
67 67 49 76 49 40 40 40
40 76 40 40 40 40 67
67 40 71 71 40
40 40 40 68 40 40 40 40 40
40 40 67 40 67
67 40 40 40 40 40
40 76 76 76 67 67 67 67
67 67 70 70 70 67
40 49 49 41 41 41 41 41
14 50 50 50 41 49 40 31
31 40 64 67 67 67 40
40 40 40 40 40 76
40 67 67 40 40 67 40 40 40
67 67 67 67 40 40
40 40 40 67 58 31 31
31 67 67 67 40 31 31
31 31 37 31 31 31 31
31 40 31 31 31 37 40 40 40
40 40 28 28 28 28 28 28
28 28 28 28 79
79 79 79 67 40 40 40 40 31 31
31 40 40 40 40 40
40 40 40 40 67 58 58
58 58 58 64 55 58
40 40 40 40 40 67 67
58 31 37 37 70 67
67 70 62 62 62 31 40 40 40
40 58 62 67 67 67
40 40 67 70 70 40 67
70 40 40 64 64 67 67
64 64 67 67 40 37
40 10 10 40 31 40 67 67
67 70 40 70 70 67 67
40 40 31 40 40 37 70 70
70 31 32 32 31
32 31 40 31 31 32 32
31 40 31 31 31 32 40
67 58 31 31 31 40 37 70 67
40 40 37 67 67 67 67
67 67 40 40 40 49 76 40 40
67 67 40 67 76 76 49
49 49 49 40 40 40 49
49 22 49 31 31 31 40
40 40 40 40 40 40 40
40 40 49 49 40 40 40 40
40 40 40 40 40 40 41 41 40
40 40 31 31 31 40 40 41
41 41 40 49 40 40 40
40 40 40 40 40 40 40
40 68 41 41 40 40 40
68 21 12 3 3 3 2
3 3 3 3 3 3 3 3
3 2 2 2 3 3 3 3 3 3
3 3 40 40 40 49 49 40
67 67 67 40 67 67 67 67 67 67
67 67 70 67 67 40 40 40
40 10 40 40 67 40 40 40
40 67 40 40 40 40 40 40 40
40 40 40 40 40 67 67
40 31 40 64 67 67 67
67 67 67 67 70 70
70 64 64 64 67 64 67 67
67 67 67 70 67 64
67 67 67 67 67 40 49 49 40
40 67 67 67 67 40 40 40
40 40 40 40 40 40 67 67
67 67 67 67 67 67 67
67 40 40 40 31 40 67
67 40 40 40 67 67 40
40 40 40 40 40 40
40 40 40 31 31 40 40 40
67 40 40 40 40 40 40
40 52 25 25 52 40 67 40 52
67 70 67 70 67 58 70
67 70 67 67 71 71 70 70 70
70 67 70 70 40 70 70 70
58 40 40 40 40 67
67 40 50 22 40 67 40
49 71 70 67 67 40 40 40
40 40 40 40 40 40 40
40 40 40 40 40
40 40 40 67 67 40 67 67
40 40 40 13 40 68
49 40 40 40 40 40
68 67 40 40
49 40 40 40 40 40 40 40
40 76 40 40 40 40
40 40 40 67 40 67 67 40
40 40 40 40 49 40 40 40 40 40
67 67 67 67 40 67 40 40
40 40 40 67 67 67 67 67 40
40 67 67 70 70 49
49 40 67 67 67 40
67 67 67 40 76 79 70 70
77 40 40 31 31 31 31
40 40 40 40 40 40 49
40 31 40 67 64 64 67 67 67
67 64 71 67 67 67
67 67 76 49 40 31
58 58 31 40 40 67
40 67 40 40 40 40
40 67 67 49 46 76 49 40 40
40 40 40 40 40 40 67 67
40 40 40 40
40 40 40 40 40 40 40
40 67 67 31 40 40 40
40 40 40 76 49 49 76 40
40 40 40 40 67 40
40 40 40 40 40 31 31 31
40 40 40 40 40 40 67
40 67 40 67 40 67 40 40 58
67 70 67 40 70 70 67
40 40 70 70 70 71 43
43 52 70 70 70 40 40
70 70 67 40 41 40 68
40 31 31 67 67 67 40
40 67 40 40 40 67 40
40 40 40 67 40 49 40 40 10
19 40 67 40 40 40 22
49 49 40 76 49 49 40 40 40
40 40 76 76 79 79 79 79
40 40 40 40 40 40 40 40 40
40 40 67 67 67 67
40 40 71 40 40 40 40 31
31 40 40 40 40 31
67 67 67 40 40 71 71 40
40 40 40 40 40 40
40 71 80 80 40 40 40
40 40 40 40 49 40 40 41 40
19 19 19 19 19 19
19 49 67 67 68 40 31
31 31 31 31 40 46 46
40 41 68 67 67 49 46 46
40 40 37 40 40 40 46 41
67 67 40 49 22 49 40 31
31 40 19 40 40
40 40 40 49 49 40
64 67 67 41 67 40 76
76 49 76 76 76 49 76
49 49 76 76 40 19 76
67 67 67 73 64 64 67 40
67 40 41 41 41 67 40
40 40 40 49 40 40 40 40
40 49 49 49 49 52 52 52 70 70
70 67 67 67 70 40 67 49
49 49 19 49 40 40
49 76 76 31 79 79 79 79
49 22 22 76 76 76
76 49 49 49 22 79
49 79 76 76
76 76 79 76 76 49 76 76
76 49 49 49 76 49 49 49 49
49 40 40 40 40 40 40
40 40 67 40 40 40 76
40 40 40 40 67 67 67
67 41 49 79 49 49
40 40 40 41 41 50 41 41 40
22 22 49 49 49 49 40 40 67 40 67
40 76 76 76 40 19 49
67 64 64 67 71 71
49 49 19 46 49 49 76 19 19
49 41 41 41 40 40 40 80
80 49 49 49 40 40 40 49
49 49 49 40 40 37 41
41 40 40 40 40 49 49
49 49 41 41 41 41 41 41
40 49 49 49 49 49 46
49 49 49 49 40 49
49 49 49 52 80 53 40 40
40 40 37 37 37 40 40 40 40 40 13
22 40 40 40 40 40
40 40 31 31 31 31
31 40 49 49 49 40 49
40 40 40 40 67 67 67 67 67
40 67 40 40 67 40 40
67 79 79 70 70 67 67 67 67
70 70 67 70 67 67 79
76 76 79 79 76 76 50 49
49 40 40 40 40 40 40
76 76 13 31 33 32 40 40
40 40 31 31 40 80 80
40 40 40 40 67 40
40 13 40 40 40 40 40 67 76
76 49 22 31 31 31 31 31 22
22 22 13 31 31 31 31
40 13 13 13 40 31 31 31 31
40 40 31 31 31 31 31
31 31 28 28 31 59 32 32
41 0 0 0
