71 79 79 79 79 49 49 71 71
71 71 71 71 71 71 79
76 70 67 70 67 71 41
41 50 79 79 71
71 79 79 79 79 79 79 79
79 77 77 77 80 80 80 80
80 0 0
0 49 49 79 49 41 71
71 71 71 71 71 71 71
71 71 71 71 71
41 41 41 71 71 71 71
68 68 68 68 68 71 71 71
71 71 71 71 71 71 71
71 71
71 71 71 71 71 71 71 71 71 71
71 71 71 71 71 68 77 77
80 77 77 78 77 80
80 71 71 71 71 71 79
71 71 71 71 71 71
49 79 49 71 41 41
41 41 41 71 71
71 68 41 52
50 50 41 41 71 71 71 71
71 71
71 71 71 71 71 71 79
70 68 70 70 71 71 71 70
79 68 46
41 41 68 68 71 79 80
41 41 41 71 71 71 71 71
68 68 68 68 71 71 71
71 71 71 71 71 71
71 71 71 71
49 49 49 49 49 49 49 49
49 49 41 41
41 41 71 71 71 71 71 71
49 49 49 49 49
41 41 41 71 71 71 71
50 50 80 71 71 80 70
70 71 49 79 79 70 70
67 64
64 64 68 67 64 67
52 52 41 71 71 71 71
71 71 71 71 71 49 49
41 41 71 71 71 71 71 71 71
71 41 41 41 41 68 71 71
71 71 71 71 71
71 49 49 41 71 64
71 71
71 41 41 71 71 71
71 71 49 49 49
49 80 71 71 71 71 41 41
68 71 71 71 71 68 68
68 68 68 68 71
71 71 71 49 49 50 50 41
70 70 71 49 49 49
71 41
71 41 41 41 41 41 41 41
68 41
41 41 41 68 68 71 71 41
71 71
68 77 1 1 1 1 0 0
0 0 0 0 0 49 49
77 77 77 76 76 76 79
77 77 79
79 80 79 50 50 41 41
68 68 68 71 71 52 52 52
52 79 79 76
79 79 79 79 49 49 49 79
79 79 79 71 41 41
40 49 52 49 79 79
79 79 80 79 79 41
71 71 71 71 71 71 71
71 71 49 49 49 49 41
41 41 49 49 52 52
49 46 46 49 79 79
79 79 79 79
49 41 41 41 41 71 49 49
49 70 71
79 52 49 41 71 71
41 67 67 71 71 79 79
76 76 76 76 80 80 79
79 80 76
79 80 80 76 76 76 76 76
76 79 49 49 49 49
49 49 41 41 41 49 41 41 41
68 77 76 76 79 76 79
41 71
43 70 71 71 80 79 79 80
76 41 71 71 71 71 71
71 41 41 40
79 41 41 41 41
41 71
71 44 71 68 49 49 49
71 80 79 79 79 79 79
71 71 71 41 41
41 71 71 49 49 76 76
79 79 77 80 77
76 79 79 79 79 79 80
80 80 79 79 50 1 1 1
1 10 1 0 0 0
0 0 0 0 40 68 71
79 79 79 71 71 41
49 49 49 49 76 73 73 73
73 73
73 73 73 73 73 73 73 73
73 73 73
73 73 73 73 73 73 73
73 76 49 67 80 79 49 49
49 49 49 49 49 41
41 71 71
71 41 49 49 49 73 74
76 73 73 73 73 73 73 73
73 73 76 76 76
77 80 77 80 80 80 80 80
80 80 80
76 76 76 76 80 71 71 41
49 49 49 49 49 76 67
64 64 64 70 71
49 49 49 49 49 49 49 49
41 41 41 41 71 71
41 41 71 71 52 52
79 79
52 50 41 71 71 71
71 71
71 79 79 79 79
79 50 71 71 71 71
71 71 71 71 41 41 41 41
79 79 79 79 79 79
50 80
71 71 71 71 71 41 44 71
71 71 71 71
71 71 71 71 71 49
49 49 49 49
50 49 49 49 41 41
49 41
76 76 67 64 76 76 76
64 64 64 67 76 79 79 76
41 41 41 41 41 67 73 73 73
73 76 68 68 71 71 71 71 71
49 49 49 49 49 49 49 76 76
76 76 76 76 73 76 76
73 76 79 80 41 49 49 49 52
40 67 67
67 49 49 49 41 41 49
49 40 41 41
41 41 41 41 41 41 41 41 41
41 41 41 41 41 68
68 68 68 68 68 68 68 68 79 79
79 79 71 71 71 71
49 52 52 52 52 76 76 67
67 67 67 76 76 73
67 67 76 76 76 76 76 49
50 49
79 79 40 43 68 44 71
71 71 71 71
49 49 44 44 44 44 49 49 71
70 70 70 41 41 80
49 70 70 71 71 71 71
68 68 0 0 0 0 0 0
0 0
0 0 0 0 0 41 41
41 41 41 41 68 68 67 67 70
49 71 71 71 41 41 71 79
71 71
79 79 49 49 49 49 52 52
79 76 73 73 76 79
76 76 79 76 76 76 79 79
79 79 79 76 76 76 76
76 76 76 79 76
76 76 76 76 76 76 76 76 76
76 76
76 76 76 76 76 76 76 76 50
41 41
49 49 49 49 50 49 49 49
49 79 79 80 80 50
41 49 49 49 52 49 49 49
41 41 41 41 68 41
41 41
41 41 41 41 79 49 41
41 41 41 41 41 41 41
49 49 76 76 50 50 50
41 40 40 71 70 79
49 40 40 40 40 40
40 40 40
46 46 37 46 49 49 49
49 49 49 49 49 49
49 49 49 49 49 49 49
49 40 41 49 49
49 40 40 52
70 40 67 67 67 67 67 67 67 67
67 67 50
50 68 71 71 71 76
0 0 0 0 0 0
0 0 0 0 0 71
49 71 41 71 44 71
71 71 71 67 67 67 67
76 77 80 80 80 80 77
80 77 77 77 52 70 67 68
68 70 70
79 79 49 49 41 41 71
41 79
79 77 77 80 80 80 71 71
71 71 71 71 71 71 71
68 64 68 68 71 70 71
49 43 52 52 52 44 52 44
52 79 79 67 67 67
67 68 50
50 79 79 80 80 76 76 76
76 76 76 77 71 71 71
71 76
77 79 71 71 71 80 77
77 76
76 76 76 76 76 76 76 76
76 76 76 76 49 52
52 53 50 50 50 50 50 50 50
50 50 49
49 49 49 52 52 52 52
49 50 50 50 50 50 50 50
50 50
50 49 50 50 50 50 50
50 19 41 41 41
41 41 41 41 41
49 71 71 71 71 71 79 52
71 71 71 71 71 71 71
71 71 71 41
41 41 40 70 70 71 44 71 71 71
41 41 41 80 79 70 70 76
76 76 79 79 79 79
79 79 79 79 80 79
79 79 79 79 79 79
41 41 41 41 41 41 40 67 67
67 70 70 70
77 77 77 76 76 79 76
76 76 76 76
77 77 77 77 76 76 76 79
49 49 49 49 52 52 49
49 49 49 49 79 79 71 71
70 70 70 67 67 70 70 70 70
71 70 70 70 70
70 71 71 71 49 49
49 49 49 49
50 71 71 71 49 49 41
71 71 71 71 76
76 67 41 71 71 1 21
21 20 21 21 21 21 79
79 76 79 79 49
79 79 49 49 50 77 77
77 77 80 76
76 76 76 19 20 0 0 0
0 0 0 0 0 0 0
0 0 49 52 52 49 49
49 49 49
41 41 49 49 49 52 52
52 79 76 76 76 76 49 49 49
49 49 46 77
77 76 79 79 80 80 80 80 80
53 50 41
71 71 79 79 52 79 79 79 79
80 41 41 79
79 49 71 79 70 70
41 71 70 71 41 41 41 41 41
41 41 41 76
76 79 79 79 79 79 77 77
77 79 79 79 79 79 79
49 49 49 76 76 76 76 76 79
79 79 79 79 79 79 79
79 67 67 79 79 79 79 49
52 79 77 80 70 70 41
41 41 41 70 70 70 76 79 79
76 79 79 79 79 79 76
73 64 64 76 67 67 76 76 76
49 52 49 43
68 43 40 43 71 71 71 71
77 77 50 50
76 79 79 79 79 79 79 79
77 76 76 76 76 79 79 79 79 49
49 49 49 49 49 49 50 49 49
49 49 49 49 68 41 41
71 71 71 41 71 71 71 41
49 79 79 79 79 79 79
79 80 80 80 80 80 80 80
80 80 77 77
79 79 80 79 79 79
79 79 79 79 79
49 50 43 41 49 49 49
80 80 80 1 0 0 0 0
0 0 0
0 70 70 70 70 70
80 70 70
41 41 71 71 71 71 71 71
79 79 79 79 79 76 68 80 80
80 71
71 77 71 21 21 21
21 21
21 19 21 21 0 70 70 70
40 40
43 43 43 43 40 49
49 49 70 70 70 40
70 70 68 71 68 68 71 71
70 50 80 71 41 71 41
71 71 79 79 79 76
70 80 80 80 71 71 79
79 79 79 79 79 49 79
79 79 79 79 79 80
71 71 71 68
70 70 80 76 70 70 79 79
79 79 49
50 79 79 79 79 79 80 50 80
50 50 41
41 41 44 71 71 71 71 71
71 71 41
71 71 71 71 71 79 49 49 49
49 71
50 50 80 80 80 80 80
80 71 76 77 77
77 79 79 79 79 79
79 49 49 71 71 71 71 71
71 77
80 80 76 79 79 79
76 76
76 76 76 76 76 76 79
79 79 79 79
79 77 41 41 41 41 41 41
71 71 68 41 41 41 71 79
79 68 68 67 67 68 68 71
71 70 70 70 71
76 79 80 80 77 76 76
79 79 80 80 79 76 77
77 70 71 67 67 70 79 79
71 1 21 19 21 21 1 21
21 21 1
0 80 71 41 80 41
41 71 71 71 41 68 68
71 71 68 41 41 41 41
79 79 52 76 76 79 79 79
79 79
77 77 76 79 79 79
76 76 73 76 76 76 67
73 76 76 76 76 76 73
76 76 76 73 73
73 73 73 73 73 73 76 76 73
41 71 71 71 71 52 52 41
41 49 76 76 79
79 79 79 79 79 73 76
76 76 79 79 79 79 73
67 79 79 80 80 80 77
71 71 71
71 71 71 71 71 71 79 79
79 79 79 79 79 79
79 79 79 79 79 79
79 79 79
79 79 79 79 79 79 79
79 49 49 49 79 79
79 79 79 79 79
79 79 79
79 79 79 79 79 79 79 79
79 79 79 79 79 79 79
79 79 79 79 79 79 79 79
79 79 79 79 79 79 79 79
79 79 79 79 79 79 79 79 79
79 79 79 79 79 79
71 71 71 71 71
79 79 79 79 79 79 76
76 76 79 79 79 79 76
77 76 76 79 79 79 76 77
77 77 77
79 79 76 79 79
79 76 76
76 76 73 76 76 76 80 80 80 80
80 77
1 21 20 20 10 2
21 2 2
21 1 71 68 49
52 52 79 79 67 70 70 40
40 71 71 71 71 41 49
70 71 71 71 71 71 68 41
49 49 49 49 49
40 71 41 41 41 41 71
71 71 49 79 79
76 79 79
79 79 80 80 77 80
80 77
76 76 79 76 79 79
76 76
76 76 76 76 79 79 80
80 80 80 80 80 80 77
71 71 72 81 81 77 76
79 79 79 71 49 41 41 41 41
41 41 70 79 79 52
67 43 68 68 50 80
80 50 50 50
50 40 70 41 49 76
79 79 79 53 80 80 80 80
50 49
52 50 49 76 76 76 76 79 79
80 80 80 80 80 80 80
79 76 73 76 76 79 79 77
71 71 71 71 41 41 49 76
79 79 79 79 79 79
79 77 79 79 80 79
79 79 79
79 41 41 41 41 41 41
41 49 52 49 79 49 79
79 79 79 79 79 79 79 79
77 76 79 79 77 76
76 76 76 76 79 79 79 71
52 79 52 41 41 41 71
76 76 76 76
76 76
79 76 41 49 49 49
52 79 79 79 53
53 80 71 71 71 53 53 80
49 49 49 49 79 79 79 76
76 79 79 79 79 79 76
76 76 76 76 76 76 79 79 79
76 76 76
49 49 49 79 49 49
52 52 79 79 79 79 49
71 19 11 21 21 21 21 21
21 21 20 21 21 21 21
71 68 71 80 80
80 77 77 80 80 80 80 80
80 41
52 49 49 49 49 49 71 71
71 71 71 79
52 76 76 76 76 76
76 76 76 76 70 70 70 70
79 79 79 79 79 79 80
40 67 67 67 67 67
49 49
49 49 79 71 71 71 68 71 71
50 50 53 53 50 68 41
41 71 70 70 70 70 70 70 71
40 79
40 40 40 40 40 70 41
50 67 70 71 71
49 79 79 79 79 79 79
76 77 71 71 71
71 71 71 71 71 71 71
71 71 71 68 68 79 76 76 76
76 79 79 41 41 41 41
41 41 41 41
41 41 41 41 41 41
40 40 40
40 41 41 41 41 41 41
41 37 37
37 37 40 44 44 40 73 73
73 73 73
79 80 80 80 52 71
71 71 71 71 71 71 71
52 79 79 79 79 79 73 76 79
79 79 79 79 79 79
79 79 79 79 79 76 76
76 76 76 76 76 40
40 40 40 40 41 41 41
49 79 79 79 76 76 76
67 67 67 73 76 77 77 80 80
80 80 80 71 71 49
1 19 10 20 21 21 21 21
21 19
19 19 21 71 71 71
71 71 71 71 71 71 71
49 49 49 49 49 52 70 49
70 79 49 71 41
41 41 41 49 49 49 76
76 79 76 76 73 76 76 76
79 79 79 79 79 49 49
49 49 49 76 79
80 71 80 80 77 79 79
79 79
77 68 41 80 80 77
76 76 76 77 76 76
76 76 76 76 76 76 76
77 80 80
49 79 76 77 71 67 76 79
67 73 73 67 76 76 76
76 79 79 79
79 77 80 77 80 80 41
71 71 71 41 41 49 49 49 49
41 71 76
79 79 79 79 79 79 79 79
80 80
80 79 79 77 79 79 79 79
79 79 79 49 49 77 77
79 77 76 79 79 80 80 71
76 76
79 79 79 79 79 76 79
79 79 76 76
76 76 76 79 79 76 76 79 80 50
49 49 49 49 49 76 76 76 76
76 76 76 76
76 79 79 79 49 71
71 71 71 71 71 71 52 49
41 41 41 41 41 41
41 41
41 41 68 41 41 71 71 71
71 41 41 49
49 49 41 41 41 41 41 41
49 76 76 76 76 76 76 76 80
11 11 11 11 11 19 19 19
19 19 19 76 76 65 65 64 64
64 73 67 67 76 70 80 80 71
41 41 41 49 50 41 41 41 41 41
68 68
68 71 71 71 71 71 71
71 67
71 71 80 71 68 67 70 70
70 49 49
49 49 53 40 40 52 76
76 76 79 79 79 80 79
50 79
52 52 52 50 41 41 41 41
41 41 41 68 68 80
79 79 79 79 52 49 76
76 77 77 77
76 76 77 77 77 80 80 80
1 10 1 1 1 1 1 1 20
20 19
44 71 71 71 71 71 71 71
71 67 67 67 71 79 70
70 50 49 49
49 49 49 49 49 76 76
79 76 76 76
76 79 79 79 41 41
41 41 41 41 41 41 41 41
41 41
41 41 41 41 41 41 49 49 76
79 79 53 50 53 79 79 79 79
76 76 76 49 49 49
49 70 79 76 49 46 76 70
79 80 77 76
76 79 79 76 76 76 79 79
76 79 80 80 80
41 41 41 41 41 71 41 41 41
44 41 41 41 41 41 71 49 49
41 41 71 71 71 71 41
41 41 41
41 41 41 41 41 41 41
41 71
71 71 71 71 71 71 71 71
71 49 52
52 52 71 71 71 71 71
71 71 71 71 71 77 77
67 67 67 52 52 52 76 76
76 41 41 41 49
49 49 79 79 71 71 71 71 71
68 67
67 67 49 49 49
49 41 71 71 71
71 71 71 79 79 79 79 71
26 26 26 26 26 26 16 16 16
17 16 49 49 49
41 41 41 50 50 71
50 50 41 71 71
49 70 49 40 49 41
41 49 76 79 79 79 76
70 70 70 70 76 76 76
79 79 79 80 68 41 71 71 71
71 79 79 21
1 21 21 19 21 1 19 21
1 1 41
41 41 41 41 41 41 41
71 41 41 71 41 49 49 52
49 52 41 41 41 41 41 71
71 71 71 71 71 71 71
71 71 71 76 76 79 79 79 79
64 64
73 73 73 76 76 76 76
76 41 41 71 71
71 71 71 71 71 71
71 71 71 71 71 71 71
71 71 71 71 71 41 41
71 71
71 71 71 71 71
79 79 79 79 79 71 80 80
80 80 80 80
71 49 49 41 41 41 41 41
71 71
71 71 71 71 71 71 71
41 50 50 49 43 79
79 70 70 70 70 70
41 41 41 41 71
71 71 71 71 49 49 49 49
79 79 79 79 79 76 76 73
76 76 76
79 79 80 80 80 80 80 80
79 79 79 79 79 79 79 79 79 79
79 49 52 53
53 53 53 53 53 52 52 52 52
43 43 70 70 70
70 40 49 49 49 49 70
68 71 71 71 71 71 71
71 71 71 0 0
0 0
