80 77 79 79 76 76 76 76
77 50 41 41 41
41 41 41 41 41 41 41
65 68 68 68
68 68 68 67 67 70 67
68 68 71 71 71 71 71
71 68 0 0
0 0 0 41 41 71 71
71 71 71 71 68 68 65
68 68 71 71 71 71 71 71
68 68 71 71 71
80 68 68 41 41 41 41 49 49
41 41 41 71 70 70 70 70
62 59 71 52 79 76 77 78
78 81 81 81 81 81 81 81
81 81 81 80 80 71
80 80 80 80 49 52
52 76 41
41 50 50 50 50 50
77 68 68 67 70 70 77 77 71
50 50 50 77 50 71
64 67 68 68 41 41 68 68
68 68 67 67 64 64 67
67 68 71 71
71 71 71 71 71 68 68
41 41 40 41 41 41 41
41 41 41 41 41 50 43 43
50 50 50 40 40 70 70 43
43 49 50 50 50 50 80
80 80 41
49 49 40 41
50 50 50 50 40 40
40 40 40 40 50 50 50 50
50 40 49 40 49 50 77 68
67 67 67 67 70 70 40 40
40 40 40 40 41 50 53 53
50 50 40 40
41 41 41 50 50 50
50 50 50 50 50 76 79 67
67 68 68
68 68 67 68 68 68 67 71 71
71 71 71 68 71 71 71
41 68 41 41 41 41 76 76
76 49 49 49 79 49 79
41 41 41 41 41 43 43
43 43 49 40
40 40 50 41 41 41
40 40 40 40 68
68 41 49 52 40 40 44
41 41 41 41 41
41 41 41 41 50 23 23
23 23 23 23 23 50 41 41 41
41 50 50 40 40
43 43 43 40 70 70 70 70
68 68 68 67 67
41 71 68 41 41 41 41
49 49 49 49 52 79 41 41
50 23 23 23 23 23 23 50 41 71
41 49 49 40 40 76 49
49 49 77
50 49 49 49 40 43
50 50 68 41
50 49 49 49 50 50 71
68 67 71 70 70 67
67 68 68 71 71 71 41 41
68 70 70 43 49 49 76
79 76 67 67 67 67 68 68
68 68 49 49 79 79 79
41 41 41 52 49 49 49 41 41
41 41
41 40 67 67 67 67 70
70 50 50 50 50 50
50 41 50 50 50 41 41 77
77 77 77
77 50 77 77 50 50 50 50
40 40 40 40 40 50 41 71
71 71
41 41 40 70 70 50 50
50 50 50 50
41 41 41 50 50 50 50 49
49 50 50 50 50
67 40 40 40 67 67 67 40 40
49 49 49 49 49
49 50 53 53 52 52 52 71
71 40 40 40
51 51 51 51 51 40 40
40 40 40
49 49 50 41 77 77 77 53
53 53 53
53 44 44 44 49 49 49
41 41 41 41 40 40 40
40 43 70 70 50 50 80
53 43 43 50 50 50 50 50
67 40 40 40 40 40 40 40 40 67
40 67 50 50 50 49 49
49 49 41 41 40 40 40 40
71 41 50 53 53 49 40 40
43 71 71 71 71 68 41 70
70 70 43 40 41 41 40 40
40 40 40 50 50 50 77
77 51 78 78
77 68 68 68 68 41 41 40 40 40
40 40 40 40 40 40 40 40 40
40 40 50 50 50 50
52 49 50 50 50 50 50 50
50 50 50
41 41 41 41 44 70 67 71 41
41 41 50 50 41 71 71 71
50 50 41 41 41 41 41 50 50
77 50 50 50 50 68
67 67 67 70 70 70 67 67 67
67 67 67 67 40 41 71
40 40 49 50 50 40 40
41 41 41
41 41 41 41 41 41 41
50 49 49 49 49 49
49 49 49
49 79 79 70 50 50
77 71 71 71 68 50 49
49 79 79 79 49
49 49 79 79 49 49 68 71
40 40 40 40 40 40 40 40
40 40 40 40 40 31
41 71 71 50 80 80 43 52 40 41
41 41 41 80 40 40
41 71 71 71 68 40 40
40 40 40 40 64 64 67 67
67 40 40 40 40 43 40
40 41 41 41 41 40 49 40
40 43 70 67 67 67 67
67 67
67 40 40 40 40 40 40 40
67 40
40 50 50 50 77 41 41 41
41 41 50 50 50 41 71
40 40 67 67 67 67 67 67 67
49 49 49 40 40 40 40
70 49 41 41 41 41
41 41 50 49 49 79 49
49 40 40 40 40 70 71
71 67 43
67 67 67 67 70 68 41
41 40 40 40 40 40 37
67 67
76 76 49 41 44 44 44 71
71 71 71 80 80 76
76 49 40 40 40 40 67 67 70
67 67 67 67 67 67 71
71 40 40 50 50 53
50 50 50 50 53 50 50
40 40 40 70 43 31 40 40
40 40 40 40
40 40 40 40 40 40
67 40
67 67 67 67 49 49
40 40 40 40 40 49
49 40 67 40 67 67 67
67 67 67 67 67 67
50 50 50 41 41 41 44 53 49 49
49 41 41 41 40 40 40 40 43
43 67 68
40 40 40 77 70 70 41 71 71 71
71 71 71
79 52 52 52 76 69 78 78 50
41 71 71 79 79 70 70
70 70 70
67 67 67 67 64 68 68 68
77 41 71 71 71 71 71
79 79 76 68 41 71
71 71 71 80 81 81 81 80 80
0 0
