79 79 79
79 79 79 79 79
79 79 52 52 79 79 79 76
79 79 79 79 79 79 79 79
79 79 79 79 79 79 79
52 70 40 53 71 68 77 76
76 76 79 79 80 80 80 80
80 80 80 80 76 76 79 79
67 70 52 52 79 79 79 70 71 54
54 80 52 76 79 76 79 49
79 79 79 79 79 79 79
79 79 79 79 76 76 76 76 79
79 79 79 79 79 76 80 80 80 71
71 71 71 49 52 49 49 71
70 73 76 79 79 79
79 79
52 52 52 79 49 79
79 79 79 76 76
40 76 76 76 76 76 76 76 79
79 70 70 79 79 79 79 79
79 79 79 70 70 79
79 70 73 46 49 67 76 76 79 79 70 67
37 37 37 37 37 40 76 49 52
49 40 31 67 67 79
79 76 76 79 52 49 41 41 41 41
41 44 76 41 41 41
44 44 71 76 44 44 71 49 49
49 79 49 49 79 79
79 79 49 49 49 49 52 50 71
49 79 70 70 70 70 70 70 70 70 70 70 79
49 49 41 70 49 79 70 70 67 70
70 67 70 70 70 70 70 70
67 67 67 71 49 49 76
76 76 67 67 67 70 67 67 70 70
67 70 70 70 70 79 52 79
52 52 79 70 70
70 70 70 70 70 70 70 70 70 70
70 70 70 70 71 62 62 71
71 71 71 71 71
71 70 70 71 71 71 71 71 70
70 70 70 70 71 71 67 67 67 40 40 67
40 0 61 62 62 62 62 62
62 62 62 62 62 62 62 62
62 62 62 62 62 62
70 70 58 58 58 59 59
55 55 55 55 55 58 55 67 79
49 49 49 52 79 70 70
67 70 70 70 70 70 67 70
70 70 67 67 67 70 70 70
76 49 49 70 67 67 70 70
70 70 70 70 70 70 70 70 70
70 70 70 70 70 67 71 70
70 49 52 79 79 70 70 79 79
79 79 79 70 79 79 52 52 52 52 52
70 70 79 70 70 79 79 70
70 79 79 79 70 52 79
70 70 49 49 70
49 49 49 49 49 49 79 70 70
70 70 70 43 49 49 79
79 79 70 70 70 67 67 67 67 64
67 73 73 73 73 73 67 67 76
49 49 49 49 49 79 49
67 58 70 76 79
79 79 79 79 76 70 70
70 61 61 61 70 70 70 71 71
43 43 44 44 71 71
71 67 67 67 76 76 76 76 76
49 50 50 41 44 44 44 44 49
44 41 44 44 49 49 19
10 19 40 49 40 40
49 52 40 40 19 50 50 50 50
40 31 31 49 79 79 79 79 70
49 79 70 50 47 47 70 31 31 31 70
79 50 50 50 50 50 52 25 25
25 25 25 25 25 25 25 25 25
25 25 25 25 52 52 25 52 52 52 52
52 52 52 52 52 73 76
73 76 76 76 76 76 67
70 76 76 73 73 76 76 76
67 79 70 70 79 49 70 70 70
67 67 76 49 49 49 49 49 49
49 49 49 49 31
31 28 28 37 37 37 40 40
40 40 40 40 40 40 40 37 37 40 37
37 37 37 37 70 70 70 70 43 53
50 51 52 52 52 52 25
52 52 43 52 52 25 25
52 52 52 70 68 68
68 68 67 70 67 49
49 71 49 79 49 49
70 49 49 49 49 49
79 40 40 40
70 70 40 40 37 28 28 28 28 28 40
51 51 51 51 52 49 79 52 52
52 52 52 52 52 52 52 52 52 52
52 52 25 52 52 52 52 52 52
47 19 19 50 37
40 40 28 28 31 31 31 31 58 67
67 67 70 49 46 76 76 52 52
25 16 16 16 52 49 49 49 76 76
49 50 49 52 52 49 49 76
70 67 76 76 76 67 67 64
64 70 70 71 67 67 67 67 64 64
67 64 67 46 46 49 79 79
70 73 76 76 76 67 67
67 64 67 40 40 40 70 70
70 52 52 52 52 52
52 52 52 79 79 79 52
52 70 70 79 79 79 76
67 67 67 67 67 70 70 70 70
70 70 76 67 70 70 70 76 70 70 71
71 49 70 70 79 76 79 79
79 49 49 43 40 76 79 49 49 49 76 76
49 49 49 49 49 40 40 40 79
79 79 52 25 25 52 25 43
52 52 52 52 52
52 52 70 70 52 52 52
52 25 52 52 67 70 70 70
70 70 49 52 41 41
40 41 76 76 79
71 80 80 52 71 58 59 55
55 58 58 67 67 67
58 58 58 61 67 67 67
67 67 67 67 67 67
49 49 71 41 71 49
49 49 79 79 79 70
70 67 55 55 58 62 55
55 58 58 58 58 61 58
58 58 58 58 58
58 58 58 58 58 58 61
71 49 49 49 49 52 52 52 52 70
52 52 52 52 79 52 79 79
52 52 79 67 67 67 67 67
41 41 49 49 49 52 71 70
76 70 70 71 71 52 79
79 79 79 70 70 70 70 79
79 49 49 49
49 49 79 70 70 70 70 70 70
67 40 40 67 67
67 67 67 64 64 64
64 67 67
67 70 70 67 67 67 67 79 70 79 79 80
80 49 52 49 52 49 49 49 49
67 76 49 67 49 49 79
79 76 79 79 49 49 49
70 67 76 79 49 79 70 70 70 70 70
70 70 70 67 67 67
67 67 49 49 71 79 52 79 70 41
49 49 49 40 70 49 49 49 49 49
49 49 49 79 79 70 79 52 52
52 52 16 43 43 52 79 52 52 43
43 79 52 79 79
79 79 79 79 79 76 73 73 70
76 76 76 76 76 76 64 67 77 77 68
68 40 67 67 34 61 34
40 70 52 49 49 70 49 76
49 79 49 79 53 79 70
52 25 52 79 70 71 72
42 42 79 52 80
80 49 52 79 80 67
67 70 70 70 70
70 70 67 67 70 70 70
70 49 49 79 71 50 50 49
49 49 70 70 67 67 70 70
76 76 50 50 71
50 50 41 53 53 53 71 71 71 71
44 53 49 49 76 76 70 70 79
79 70 67 70 49 79 79 67
67 67 76 76 76 76 76 73 73
73 76 76 76 67 76 76
67 44 52 79 79 49 49
79 79 67 64 67 67 67
67 67 67 67 70 70 49 52 52
19 49 52 79 52 52 70 70 67 67
70 67 70 70 70 70 70
49 52 79 79 79 79 79
79 79 52 79 79 79 79
79 79 79 79 40 37 40 67
70 67 70 70 49
49 49 49 52 79 71 71
49 49 79 70 67
70 70 70 70 70 70 70 70
79 79 79 79 43 52
52 0 0 0 0 0 0
0 0 0 0 0 0 0
0 0 0 0 0 0 0
0 0 0 0 0 79
70 61 70 70 67 70 70
61 70 70 70 49
79 70 52 52 61
61 70 70 61 58
58 58 58 61
71 71 71 49
71 71 71 53 41
62 71 71 40 41 41
41 71 71 68 68 44 41 50 49 49 71 41
44 49 49 49 50 49 52 52 79 49
40 41 76 68 71 49 41 40 49 41 71 49
50 50 49 49 49 49 49 79
52 52 76 76 70 70 70 70 70
70 44 50 50 50 80 76 67 76
76 79 79 79
70 67 70 79 70 49 49
67 70 50 50 50 50 53 50
50 77 50 49 49 70 70 67
70 70 70 70 70 40 40
40 70 70 70 70
71 67 76 70 76 67 67 67 67
76 76 40 67 67 46 37
49 70 49 49 70 70 79
52 52 79 70 68 68 67 67 71
71 67 67 67 67 67 70 70 70 67 67 67
70 70 70 70 70 79 79 70 79
79 79 76 73 73 76 76 76 76 76 76 73
73 76 76 76 67 67 76 76
49 49 79 70
40 40 40 40 64 67 67 67 49 49 49
41 41 40 43 40 40 40
37 37 37 40 37 46 46
46 46 37 64 64 67
67 40 46 49 64 67 67
50 68 77 76 76
41 40 37 49 77 49 49 79 49
49 49 49 49 41 41 41 41 44 44
52 52 49 43 70 79 41 41
40 49 49 49 49 49 49 76 76 76
67 76 46 46 49 41 49 49 52
79 79 79 79 70 70
58 58 61 61 61 61
61 49 79 79 67 76 76
67 67 76 76 76
76 73 76 76 76 67 70 70 40 40
40 40 40 40 40 40 67
64 67 67 64 37 37 40 37
37 37 40 40 37 37
37 37 37 40 40 40 40 40 40
40 40 40 37 67 67 67 40 40
40 40 67 67 37
40 40 37 37
37 67 67 40 40 40 49 40 49
40 40 31 67 70 67 67 70 68
67 70 64 70 79 52 79 79
79 79 79 49 79 79
79 79 79 79 79 79
79 70 70 70
49 79 79 79 79 79 70 79 79 76 73
73 76 79 79 79 79 79 50 41 41 40
43 53 71 71 80 52 49
52 70 79 53 52 41 71 71 71
71 71 71 79 67
68 71 67 41 68 62 70 49 79
79 79 79 79 79 76
79 79 79 79 79 52 79
79 43 52 70 43 70 70 70
79 67 70 70 67 67 67
70 70 70 70 70 70 70 70 70
70 70 70 76 67 67
67 67 67 49 49 79 79
70 70 70 68 67
67 67 67 67 67 41 50 50
50 50 50 79 79 41 49 49 70 70 70
52 79 79 79 73 64 64 67 67
64 64 64 64
64 64 64 64 64 64 67
67 64 64 73 73 73 73
67 67 64 64 64 67 67 67 67 76
76 76 76 67 40 40
67 67 67 67 70 70 67 67 67
70 67 67 67 67 64
64 64 64 64 64 64
64 64 64 64 64 64 64 64
64 64 67 67 67 67 64 37 37
37 40 41 50 50 50 40 28 28
31 31 37 50 41 49 40
49 49 19 46 19 49
38 37 37 37 37 37 37 37 37
37 37 37 37 37 37 37 64
64 73 64 64 37 37 37 40 37
37 37 64 67 67
70 76 49 49 49 49 76
67 64 64 64 67 67 67 67
43 40 49 49 76 70
70 70 64 64 64 70 70 70 70 67
67 52 40 79 52 25 25 25
25 52 52 52 52 52
52 52 52 52 52 52
52 52 49 49 52 49
49 52 70 70 70 70 67
76 49 49 49 79 79 79 79
79 79 79 79 79 79 49 49
76 80 79 76 76 71 70 71
80 80 71 80 80 80 80 80 80
80 80 49 49 49 70
70 67 67 67 67 67 64 64
55 67 64 64 64 64 64 64
64 67 67 67 67 67 64
67 55 64 64 55 64 67
67 64 64 64 64 67 67
67 67 67 67 67 49 76 79
76 67 67 40 37 37 37 40 41
49 49 49 49 49 49
52 52 52 52 52 50 49 76 49 73
76 76 49 46 19 23 19 37 46
49 49 49 41 49 49
76 41 67 67 50 50
49 41 50 46 37 40 46 19
49 22 49 49 79 79 52 52 52
46 67 64 64 64 64
73 76 76 67 70 67 67 67 67
67 76 67 68 70 70 67
70 70 70 70 79 79 79
52 25 52 52 52 52
52 70 70 70 25
52 25 25 52 49 52 80
76 76 79 79 70 62
76 79 70 70 67 70 70
70 79 52 70 70 70 70
70 70 76 79
79 79 79 79 79 79
79 79 79 79 79 79 79 79 79 79 79
79 79 79 79 79 79 79 79 79
79 79 79 79 79 79
79 79 79 79 79 79
79 79 79 61
61 61 61 61 61 61
61 61 61 61 61 61
61 61 61 61 61 61
61 61 61 61 61 61
61 61 61
61 61 61 61 61 40
43 40 40 41 77 68 71 71 79 49 49
79 79 76 76 76 79 79 79 76
76 79 79 79 79 79 79 79 79 79
79 79 76 76 76 76 79
79 79 79 76
76 79 79 79 79 79 79
79 79 79 70 70 70 43 43 70 70 70 70
70 70 79 79 52
52 79 70 70 70 71 67 67 67 70 70
70 70 70 67 67 70
67 67 67 67 70 70
70 70 68 68 68 68
68 68 70 70 43 43 43 43 43
67 70 70 70 70 70 70 70 70
70 70 70 61 70
70 70 70 67 64 67 64 67 68 68 68 68 70
67 64 64 64 64
64 67 67 67 70
70 53 53 49 50 51 51 50 46 46
49 49 49 49 76 79 50 50 53
50 50 50 41 44 49 49 52 52 52 50
52 70 52 52 79 79 79
79 79 70 52 79 70 70 79 79
79 70 79 79 52 49 49 50
76 67 67 79 67
55 58 58 61 61 55 55
55 58 58 55 58 58 58 55 55 55 55 55 55
55 55 58 58 67 49 49 49
52 52 49 52 79 70 70 70
70 70 49 49 79 79
79 49 49 49 49 70 80
79 79 43 79 71 71 71 71 71 71 71
71 71 71 71 71 71 71 71 71 71 71
71 71 49 79 79 79 64 64 64
64 64 67 67 67 49 49 49 76 79 67
64 64 73 77 77 77 76
76 73 76 76 76 76 76 76 76
71 49 49 49 79 67
76 76 70 70 67 67 67 70
70 67 70 70 70 70 70 49 49
79 79 79 79 79 76 76 79
79 79 79 79 79 79
79 79 79 79 79 49 49 40
49 50 50 71 40 31 67 67
67 67 73 76 64 73 76
67 67 67 49 49 80 50 49 49
76 76 76 73 67 67 67
67 67 67 70 41 71 71
80 76 76 76 70 70 79
52 52 52 52 52 52 52 52 52 52 52 52 52 43
43 52 52 52 52 52 43 79
70 70 52 52 43
43 43 43 43 43 43 43 43
76 76 76 70 79
79 70 70 61 68 71 70 70 49
49 41 49 76 40 49 76 67 67 76 76 52 79
40 67 67 67 67 70 37
37 40 40 40 40 40 40
40 40 40 40 40 67
67 40 41 40 67 67 41 67 67
70 70 68 68 73 73 76 73 76 76 76
77 77 76 76 76 76 76 73 73 76 76
76 76 76 76 76 64
64 64 67 64 73 76 76
76 76 76 76 76 67 67 49
49 49 49 79 70 70 70 79 70 70 79
79 70 70 70 70
70 79 79 52 52 52 52
52 79 79 79 79 52 52 52 49
49 49 49 52 40
37 67 70 70 70 70
70 70 70 52 52 52 52 52
52 52 43
43 43 34 34 34 34 43 43 43 49 49 49
46 40 49 49 49 49 49 49 70 50
53 70 70 70 67 67 67 67 67
67 64 64 64 67 67 67 67 70 70 70 70
70 70 49 49 67 67 70 70 67 67
67 67 70 70 70 70 70 70 70 52
52 52 52 52 52 52 52 52 79
79 52 52 52 79 52 52
52 52 52 43 49 49 49 49 49 79 79
79 76 79 79 79 79 79 79
79 79 79 79 79 79 79
79 79 79 79 79 70 70 70
70 79 52 52 52 52 52
79 79 79 52 52 52 52 52 79 70
70 79 79 79 70 70 67
67 70 70 70 67 67
70 67 40 40 49 50 50 14 14 50 50
50 49 49 49 46 19 19 19 23 49 49
49 49 49 49 49 46 37 40 40 49 49 49
49 49 49 49 49 49 70 70 70 70
50 40 40 40 40
40 70 70 50 49
52 52 50 49 70 49 49 49 50
50 50 50 49 50 41 41 41
40 40 40 44 44 49 49 49 49 52
52 52 49 49 49 49 49 49
79 49 49 50 50 41 71 71 71 71
71 80 67 67 71 43 70 58 58
61 61 61 61 58 58 58 58 55 55
55 37 46 49 70 58 58 58 58 58
58 58 58 70 61 61 61 58 58
58 58 59 58 58 59
59 58 58 58 67 67 67 67 50 50
50 50 50 40 64 64 64 67
49 19 19 19 49 49 49 49 79
79 52 41 40 49 67 70 79 79 50
50 49 49 79 49 49
49 67 67 49 49
49 70 50 80 50 49 49 49 80
49 49 76 76 50 50 50 49
49 52 26 26 50 79
49 52 49 49 52 52 52
49 52 49 50 41 49 41
50 53 23 26 23 23 23 23 23 23 53
53 53 50 50 50 49 76 49 50 49
49 76 52 79 70 49
40 67 67 67 67 40 40 40 70
70 70 52 43 43 52
43 43 40 37 37 37 37 37 64
70 71 71 67 67 67 76 76 49 49 49
79 79 79
52 79 51 72 70 70
64 79 79 79 70 70 79 70 70 67 70
70 52 52 52 76 70 71 71 49
50 49 49 49 49 49 49 49 49
49 49 49 49 44 71 71 44 49
49 49 71 71 71 71 71 71 71 71
71 71 68 68 68 68 68 68 68 67
67 67 67 67 67 67 67
67 67 67 67 67 67 67 67 64 64
64 64 67 67 67 64 67 67
67 67 67 67 67 67 67 67 67 67 67 67
67 67 67 67 67 67 67 67
67 67 68 69 69 68
67 70 70 70 70 70 70
70 70 70 70 70 70 70
70 70 70 70 70 70 70 70
70 70 70 70 70 67 67 70
70 67 67 67 67 67 70 67 70 70 70 70 70
70 70 70 70 70 70 70 70 70 70
70 70 70 70 70 70 70 70 70
52 52 52 52 52 52 25 25 25 52 52 52 52
52 52 52 52 52
79 79 52 52 52 52 52 52
79 52 52 52 52
52 52 52 52 52 52 52 79 79 79
79 79 79 79 76 76 76 76 76 76
76 50 50 50 49 49
52 52 52 40 79 79 79 79 70 70 67
67 64 64 64 67 64 64 67 67 67
67 67 67 64 67 67 67 67
67 67 67 67 67
67 67 68 68 67 76 76 76 67
70 49 49 49 49 49 49 49 49 49 79
49 79 80 49 79 49 76 79 70 71 70
70 70 70 70 52
52 70 70 70 70 70 70 43 43 43 52
52 52 79 79 80 77 77 52 52 52
80 79 79 79 79 70
70 79 52
52 52 52 52 52 52
52 52 52 52 52 52 52 52 52 52
52 52 52 52 52
52 52 52 79 79 70 70 70
70 70 70 70 70 70 70 70 70
70 70 70 70 70 70 70 70
70 70 70 70
70 70 70 49 49 49
49 52 52 52 79 43 43 71
44 49 52 49 52 79 79
79 79 79 79 52 52 79 79 49
50 49 70 80 79
52 52 79 79 70 70 70 70 70 70
70 67 67 67 67 67 67 67
67 67 70 67 67
67 67 67 49 49 79 79 49 79 79
79 49 79 52 52 79 79 79 79 70
70 70 70 70 70 70 70 70 70 70
70 70 70 49 70
49 70 70 70 70
70 70 53 67 67 67 67 67 67 67 67 70
67 67 70 71 67 67 67 67
67 67 67 67 67
67 64 67 67 67 67 67 64 64 64
67 67 67 67 64
64 67 67 67 67 67 67
67 46 49 49 49 49 49 76
76 76 76 76 73 73 76 76 67
70 79 79 76 64 65 77
74 73 67 64 76 76 76 73 76 76
76 76 73 67 67 77 77 76 67 64 73 73
73 73 73 77 77 76 70
67 76 76 67 67 76 67 79
49 40 40 67 67
67 67 40 40 40 40 67 67
67 67 70 67 67
37 41 64 64 37 50 51
51 51 51 51 51 51 51 51
51 51 51 51 50 49 46 46 46 40
40 67 64 37 67
76 76 73 73 40 40 40 67 40 40
70 70 49 41 41 67 67 67
67 44 49 49 41 44 44
71 71 71 77 41
41 71 71 44 44 71 41 44
44 44 50 49 49 49 49 76 76 49
49 49 49 49 49 76 76 76 76
79 70 70 61 40 64 64 64 64 64
64 67 64 64 77 67 62 67
67 67 67 67 67 67
67 79 79 70 70 70 61 70 41 51 51
51 41 41 41 70 79 70 67 67
67 67 70 70 70 70 70
70 79 43 70 70 79 79 79 79
79 79 79 79 79 68 77 80 80 80
76 79 79 79 79 79 79 79
79 79 79 79 79 79 79 79 79
76 76 79 79 79 79 79
79 79 79 79 79 79 79 79
79 79 79 79 79
79 79 79 79 79 79 79 79 79
79 79 79 79 79 79 79 70 79 50
41 71 71 76 70 71
79 73 73 76 76
77 77 77 71 71 70 67 49 71
50 49 49 49
49 49 52 49 71 41 49 40
40 70 76 76 79 71 71
41 76 76
76 49 80 68 68 67 70
70 70 70 70 70
70 70 70 70 70 70 70 70
79 70 70 70 70 70 70
70 70 79 79 79 79 79 76 77 72 72 72 70 70
52 52 43 34 70 67 64
64 64 64 64 64 64 67 67 67
67 67 67 67 67 64
67 67 67 67 67
70 70 70 67 67 67 67 67 67 70 70
70 70 70 70 70 70 70 64 67 67 67 67
67 64 64 64 67 70 67
67 67 40 40 67
79 70 70 40 40 70 70 70 68
65 70 70 67 67 67
67 67 67 67 67 67 68 76 79 70
43 70 70 70 70
70 67 67 76 49 70 79 50 49
79 52 79 49 49
49 49 49 52 52 52 49 49 49
49 49 52 79 80 71 54 53 53
53 40 40 49
49 49 49 49 49 49 49 49
49 49 49 49 49 49 49
49 49 49 49 49 79
49 67 70 71 67 70
70 70 76 52 79 52 67 67 67 67
67 67 67 71 71 70 43 43 49 49
79 76 80 71 71 49 49 49
49 49 49 49 41 41 49 52
52 49 52 52 49 49 49 49 52 53
53 53 76 76 67 64 76 70
70 70 70 76 79 79
70 70 70 67 67 67 64 64 67 67 67 67
67 76 76 79 79 52 52 52
52 43 52 52 79 52 79
79 52 53 42 51 49 76
79 76 70 70 70 70 70 70 76
79 79 70 40 76
76 70 77 77 68 77 77 71
67 41 68 41 41 68 68 68 67
67 76 67 76 49 49
49 49 49 49 79 67 67 67 70 70 70 70
67 70 70 70 70 67 70 70 70
70 49 49 40 49 79
53 44 71 77 76 70 70 70 79 70 61 61 61 61
61 61 61 61 61 61
61 61 61 61 61 61 61
61 61 61 61 61 61 61
61 61 61 61 58
58 58 58 61 40 70 70 49 49 49
49 49 44 41 41 44 43 49 49 41 41 41
41 71 68 41 70 41
52 52 52 52 52 49 49 49 46
46 46 46 46 46 46 46
46 37 10 10 28 10 37 40 49
49 49 49 49 49 49 46 37
40 49 43 44 50 50 50 50 50
50 41 50 50 19 19 49
49 52 49 49
79 79 79 52
52 52 52 52 52 52 52 52 52 52
43 43 43 52 52 52 52 52 52
52 49 41 41 41 50 50
49 49 49 49 52 50
50 50 50 49 52 52 52 52 52 52
52 52 52 52 49
49 80 50 41 41 49 49 49 41 41
49 49 49 76 76 76
76 76 76 76 76 76 79 79 79 76 76
79 80 76 79 79 67 67 67 70 76
70 70 70 67 67 67 67 67 22 22
22 22 22 50 49 49 79 70 70 70 70 70
70 70 67 67 70 71 44 50 49
49 43 43 40 40 49 40 49 49 49
49 46 49 49 67 67 70 67 67 79
76 76 67 76 70 53 76 73 64
64 64 64 49 49 25 25 25 22 50 46 49 76
67 73 73 77 77 79 79
79 73 76 76 76 52 49 49
49 49 49 49 49 49 46
19 49 49 49
53 51 51 51 51 40
67 67 40 49 49 49 49
49 49 70 49 52 49 49 49 49
49 49 49 49 52 70 70
70 52 52 52 25 52 52 52 52 52 52
49 49 52 52 52 79 70 70 70
52 70 70 70 52 52 52 52
43 43 43 52 25 25 25
52 52 25 25 25 52 52
43 43 52 52 70 70 70 67
67 70 70 70 70 70
70 70 40 49 49 49 76 70 79 52 79
70 70 70 40 40 40 70 71
70 40 40 40 34 67 67 40 67
67 67 67 67 67 67 67 67 67 67
64 64 67 67 67 37 40 40 40 40
67 31 31 28 64 64 37 37
37 64 28 40 49 19 46 49
46 49 49 49 40 40 67
67 67 49 70 79 52 52 52
52 52 52 52 52 52 52 52 52 52
52 52 52 19 19 49 49 49 49 49 49 50 50
51 51 49 49 49 19 49 50 40
40 49 49 44 41 50 49 50 52 79 79
52 52 52 52 49 49
79 79 79 71 71 40 49
49 49 76 40 40 41 40 37 37
64 64 64 41 41 37 37 37 37 37
41 41 41 37 37 37 37 40 40 46 37 40 40
40 40 49 49 49 49 49 76 76
49 49 79 79 79 70 70 68 65
73 73 73 73 76 67 76 76 76 76 64
64 64 73 64 64 64 64 64
64 67 67 68 68 68 76 49 49 79
70 70 70 70 70 70
70 70 67 67 71 71 71 71 71
71 70 40 43 80 80 80 71 80
80 53 81 81 81 81 80 80
81 80 80 80 80 81 81 80
80 80 80 80 80 80 80 80
80 80 80 80 80 80 70 70 70 70 70 67
40 67 70 79 79 79 79 79 79 79 79 79
70 70 70 40 50 51 51 50 52 52 49 73
73 76 76 76 64 64 64
64 64 67 67 70 49 37 46 46 46 71
71 71 71 71 40 37 37 70 70
52 79 79 67 64
64 64 64 64 64 64 64
64 64 67 67
70 70 70 70 70 67 64
64 67 67 68 41
67 67 67 70 22 49 49 49 76
43 79 76 52 49
49 49 41 49 49 52 79 79 79 52
52 52 52 52 52 70
79 79 43 43 43 52 79 70 70 43
43 52 52 52 52 79 79
52 52 52 52 52 25 52 52
52 52 52 52 52 25
25 52 79 79 70 70 70 67 67 67
67 67 70 67 76 76 49 49
67 67 67 70 53 69
72 72 51 51 51 50 50 70 52
52 67 76 49 49 52 49 49 67 76
76 76 78 78
78 78 78 78 78 78 78 78 78 78
78 78 78 78 78 78
78 78 78 51 78 77 49 52 79
70 70 67 67 70 67 70 70 70 70 70
70 67 71 70 70 71 67
67 67 67 67 67 70 70
70 70 70 70 70 70
61 61 61 62 61 58 58 55 55
55 55 55 55 55 55 55 55 55 55 58
67 67
70 70
