41 40 10 10 49 40 41 41 40
40 40 40 40 40 40
40 49 49 40 40 40 41
41 41 41 40 40 41 41 41 41
2 2 2 2 2 2 40
41 40 41 41 41 41
41 41 50 41
23 23 41 41 41 41 41 40
40 49 40 40 41 41 23
41 41 41 41 41 41 40 40
41 41 40 40 40 40 40
22 41 41 41 41 40
31 40 40 40 40 49 49
41 40
40 40 40 40 40 40 40 40
40 40 40 40 40 40 40 40 40
40 40 40 40 41
40 40 40 40 40 40 40 40 40
41 40 41 41
41 41 41 40 40 40 40 40 49 49
49 49 40 40
71 71 70 44 40 40 40 40 40
41 40 40 40 43
43 43 43 40 40 40 49 49
40 40 40
41 41 41 40 40 40
40 49 40 40 40
40 41 40 40 40 40 40 40 40
13 40 49 49
40 40 40 40 40 41 41
40 40 40 40 49 49 41 40
40 41
40 40 40 40 40 40 40
40 40 40 40 41
40 40 40 40 40 40 41 41
41 41
41 40 40 40 22 49 49 49 49
49 40 40 49 49 49
49 49 40
40 40 40 40 40 49 49
76 49 49 49 40 76 40 40
76 76
40 49 49 49 49 49 49 40 40
40 40 41 41 41
41 41 14 50 50 23 50
40 40
40 40 40 40 40 40 40 40 40
40 40 40 41 41 70 43 44
79 70 70 43 52 52 79
70 70 70 70 40
40 13 40 40 40 40 40
40 40 40 40 40
40 40 40 40 49 22 13
67 68
68 67 67 41 13 22 22
40 40 40 49 49 49 49
40 40 40 40 40 13 22
49 49 22 22 22 22 49
40 40 40 40 40 13 13
22 40 40 40 40 40 40 40
13 40 40 40 40 40 40 40 40
40 40 40 40
40 40 40 40 49 49
49 40 40 49 49 49 40 40
40 40 49 49 49 41 41
41 41 40 50 50
14 23 50 50 50 50 41
40 49 49 49 49 49 40 40
40 40 40 49 49 40 40 40
40 40 40 13 49 49 40
40 40 40 40 40 40
40 40 49 49 40 40 40 40 40
13 22 49 49 49 49 49 22 49 40
40 40 40
49 40 41 40 40 40 40 40
49 49 40 40 40 41 40
40 40 40 13 40 40
40 40 40 40 40 40 40
40 40 40 40 40 40 40 40 13 22
22 49 49 49 49 49 40 40
40 49 49 49 49 40 40
31 40 49 49
49 49 49 49 40 40 41 40
40 40 40 40 40
40 40 40 40 40 49 49
40 40 40 40 40 49
49 49 49 49 40 31 40
40 40 40 40 40 40 40 40 40
31 31 13 40 40 40 41 41 41
41 41 40 40 40 40 40
40 40 49 40 49
49 40 41 13 13 13 22 22 22
40 40 31 31 31 40 40
31 31 40 40 40 40 40 31 31
40 40 40 40 40 40 31
31 31 31 31 41 40 40 41
41 40 41 41 41 40 41 41 41 40
40 40 40 40 40 41 41 41 41
40 22 49 49 49 49 49 49 40
40 40 31 31 31
40 40 40 40 40 22
13 40 40 40 40 40 40
49 49 49 49 41 41 40
40 44 40 50 40 40
40 40 49 49 49 40 40 49
49 40 49 49 40 40 40
40 40 41 40 40 40
40 40 40 40 40
49 40 40 31 31 40 22
22 41 41 41 41 41 49
13 40 40 41
41 40 40 31 31 31 31 40 40
40 40 40 40
40 40 40 40 37 10 10 41
41 10 1 1 1 1 31
13 13 49 49 40 40 40 40 40 40
40 13 40 41 40 40 40
49 49 40 41 41 41
40 40 40 41 41 41 41
41 40 40 40 40 40
41 41 40 49 49 49 49 40
49 49 49 40 10 31 40
49 49 49 49 49 49
49 49 49
40 40 40 40 40 40 40 40
40 49 49 49 41 41 41 41 0
0 0 0 0
0 11 11 11 11 40 40
13 49 49 22 22 40 40
49 49 49 40 40 40
49 49 49 41 41 41 41 40
40 40 40 40 40 40 40
40 40 40 40 40 40 40
40 49 49 49 49 19 0
0 0 0 0 40 13 13
31 31 31 40 13 40 49
49 40 0 0 0 0
0 40 40 40 40 40 40
40 40 40 40 40 40 40 40
40 40 40 40 40 40
40 40 40 13 22 49 49 49
49 49 40
40 40 49 49 40 41 40 40
41 40 40 49 13 40
40 40 40 40 40 40 10 40
40 40 40 49 49
49 49 22 40 40 40 40
40 40 40 40 40 40 22
40 49 49 40
40 40 40 40 49 49
40 40 40 40 49 49 49 49
49 49 22 49 40 41
41 10 49 49 49 49 49 49
49 49 49
49 13 19 40 50 41 41 40
40 37 41 41 40
41 41 41 41 41 40 49
49 49 40 40 40 49 40 40
40 40 40 40 40 40 40
40 40 40 40 40 40 40
40 40 40 40 40
37 40 40 41 41 41 41 40
40 40 40 49 49
40 40 50
40 40 40 40 40 40 40
40 40 40 40 40 49 49
49 49 40 40 40 40 40 22
49 40 31 40 40 40 40
40 40 41 40 41 41 40
40 40 41 41 41 40 40 40
40 40 40 40 13 49 49
49 40 41
40 40 40 40 49 49 49 49
49 40 40 13 40
13 13
13 40 40 40 13 40
49 49 40 40 40 40
49 49 49 49 49 49 49
40 40 40 40 40 40 40 40
40 13 40 40 41
40 40 40 40 40 40 40 40 40
37 41 41 40 10 10 37
40 41 41 10 40 40 40
40 40 40 40 40
40 41 41 40 10 31 37 40
40 40 40 40 13 40 41 41
40 13 40 40 41 40
49 49 49 49 41 11
10 1 1 10 10 31 31
31 32 40 40 40 13 13
40 40 40 13 40 40
40 40 40 14 14 11 10 41
41 41 41
11 49 49 40 11 41 41
41 14 14 11
14 14 11 41 11 11 41 41
37 40 40 40 10
40 41 41 41 14 50
50 41 41
14 14 14 11 11 13 40 41 41
41 41 41 41 49 49 23
50 40 49 49 40 40
40 40 40 40 40 40
41 40 40 40 40 40 40
40 49 40 40 40 40 40 40 40
40 40
40 40 40 40 40 22
49 40 40 41 40 40 40 40
40 49 49 49 49 49 41
41 41 40
40 40 40 40 49 40
40 49 22 40
49 49 46 40 50 40 40
40 40 40 40
40 41 41 49 49 49 40
40 49 49 49 50
40 40 31 31 40 40
31 31 31 31 40 40 40
40 40 40 40 40 40 49 49
49 40 41 41 41
41 40 40 40 40 41 40 40
40 40 40 40 40 40
40 40 40 40 40 49 49
40 40 40
40 49 40 40 49 41 40 40 40
40 40 40 40 40 40 40
32 40 40 40 40 40 40
40 40 40
40 40 40 40 31 41 41
13 41 41 67 40
40 40 67 67 40 41 41 41
40 41 41 40
40 40 40 49 49 49 40 40 40
40 40 40 40 40 40 40
40 40 40 13 13 13 4 13 31
31 40
40 40 31 31 31 31 31 13
10 10 19 46 40 40 40 40
40 40 49 49 40 40
40 40 40 40 40 40 37 67
40 40 40
13 40 40 40 40 40 40 40 40
40 40 40 40 40 40 49
22 22 40 40 40 40
40 40 40 40 40 40 40 40
40 40 40 40 40 13
40 40 40
40 40 40 40 40 40
40 40 40 10 19 19 41 41 41
41 41 41 41 41 41 41 40
40 40 40 40 41 41 14 50
50 49 40 40 40 40 40
13 13 40 40 40 40 11 11
38 50 50 47 50
50 50 41 41 41 41
41 41 41 41 41 41 41 41
41 41 41 41 41 41 0
