68 68 60 60 59 59 58 58
58 58 58 31 41 41 50
49 49 49 49 49 49 49 49 49
49 49 49 49 40 67 76 76
49 49 41 41 41 41 41 41
40 41 41 41 41 41 41 41 41 41 41
41 49 41 41 41 40 40
37 40 40 40 46 40 31 40 31
40 40 49 49 49 49 49 49 49
49 49 49 49 41
41 41 49 53 49 49 22
49 49 79 79 58 58
58 59 58 58 61 61
61 61 61 61 61 58 58 58
58 58 58 58 58 58 58
58 58 58 61 61 40 76 73 60 63 63 63
63 63 63 63 63 63 63
63 63 63 63 63 63 63 63
63 59 58 19 0 0 0 0
0 0 0 0 0
0 0 0 0 0 0 0 49 49 70
31 31 31 31 31 40 76 76 79 79 79 79
79 79 70 70 61 61
58 58 55 58 58 61 58
58 58 58 58 58 67 67 67
58 67 49 50 53 53 50 49 79
49 49 49 49 49 52 49 49 76
76 67 67 67 58 58
58 58 55 58 58 58 40
40 40 49 50 50 50
49 79 80 50 80 80
80 80 76 73 76 76 76 67 40
50 51 51 53 49 49 49 49 49
49 49 49 46 49
49 49 46 49 49 49
49 49 49 49 49 49
49 49 49 49 49 49 49
26 53 26 53 53 53 68 60 63 63 63
59 58 58 58 58 58 41 49 49
49 40 41 40 40 41 41 41 41 41 41
41 41 41 41 79 79 49 49
49 49 49 49 49 49
70 49 49 49 76 49 59 63 63 63 63
63 59 61 70 52
70 70 70 70 67 67 70 70 67
70 67 70 67 67 40 40 67
67 67 40 67 67
67 49 49 49 49 49 49 49 49 19
19 19 49 49 76
76 76 70 41 49 49 49 49
49 41 41 41 41 41 41
49 49 49 49 49 40 49 49
49 49 67
70 58 58 58 58 58 58 58 59 58
58 58 58 58 58 58 62 61 61 61
61 61 70 49 79 79 80
76 79 79 50 50 80 80 50
49 52 79 79 79 40 40
40 40 40 40 40 40 40 49
49 49 49 49 49 49 49 49
49 49 40 49 49 49 49
49 49 49 41 40 40 31 31 31
31 31 31 31 67 67 67 67 70 70 70
70 70 70 70 70 70
70 70 70 70 70 70
52 25 25 79 79 79 79 79 79 79
79 79 79 79 79
79 79 49 49 41 41
41 41 41 41 41 41 41 41 41
41 41 41 41 41 41 49 49 49
49 41 41 41 49 49 49 49 49
49 52 49 79
41 41 49 49 49 49 41
41 41 41 41 41 41
41 50 23 50 50
50 0 19 19 41 41 41 1 31
41 41 41 41 38 46 46
41 41 41 41 41 41 41
41 41 41 41 20 22 22 0 0 0 0
0 0 0 0 0 0 0 0 0 19 11
11 20 79 79 79 79
79 79 79 79 79 79 79
49 79 79 79 76 79
79 79 79 49 0 0 0 0 0 0
0 0 0 0 0 0
0 0 0 49 49 49 49
68 77 77 77 77 67 58 58 58
58 61 58 58 58 58 58 61 61 61
61 58 58 58 40 49 51
51 51 52 52 52 52 79 79 79 52 70
71 51 51
51 51 23 50 50
51 51 51 50 50 80 80 53
53 80 52 53 52 43 50
49 49 40 40 31 31 31
61 58 58 58 58 67 40
49 41 49
49 49 50 49 76 76 76 67
58 58 58 58 58 58 61 58 58 58
58 67 67 67 67 67 67 58 58
58 58 58 58 58 58 58 58
58 58 58 58 61 70
62 67 71 61 58 58
58 58 58 58 58 58
58 58 58 58 58 58 58 58
58 58 58 58 58 67 67 58
49 49 49 49 49 40 41
41 13 13 22 49 22
19 49 50 49 20 21 19
19 19 19 19 19 19
19 19 46 79 79
79 79 79 70 79 79 79 79 56 58 58 58
67 67 67 76 49 49
79 79 79 79 79 71 79 79 79 79
79 79 79 79 70 79 79 79 79 49
52 49 49 49 41 40 40 40 40 40 40
40 49 49 49 49 49 40 49
49 49 49 70 49 79 71 71 79
76 76 76 67 76 49 79
52 52 49 49 49 49 49 50 49
49 41 49 49 49 49 37 40 31
70 70 70 52 79 79 52
25 25 25 25 25 25 25
25 79 79 70 43 43 52 52 52 52
52 0 0 0 0 0 0 0 0 0 0 0 0 0
0 0 0 0 0 0 0 0
0 0 0 0 0 0 0 0 0 0 0
0 0 0 0 0 0 0 1 1 40
49 40 40 49 40 49 49 49 49
49 49 41 41 49 49 49 49 19 19 19
19 19 49 49 49
49 40 40 40 49 76 67 58
58 58 58
58 58 58 58 58 58 58 58
58 58 59 59 59 59 59 58
58 58 58 58 61 67
67 76 49 49 49 52 52 49
49 49 22 49 49 49 1
1 1 31 40 49 49 79
79 79 79 76 76 76 77 76 76
76 77 81 78 58 58 61 58 58
63 63 63 63 63 59
55 55 55 58 58 58 58 58
58 58 58 58 58 58 58 58
58 58 58 58 58 67 67 58 58 31
67 67 58 58 58 59 58 58 58
58 58 58 58 58 49 49 49
49 40 37 40 49 49 70 58 58 58
58 58 58 58 59
58 58 58 58 58 62 62 62
62 62 62 62 62 62 62 61
61 61 61 62 44 32 28
28 28 28 37 28 37 37 64 46 46 76
40 40 49 79 79 79 58
62 58 58 58 58 58 58
58 58 58 58
58 59 59 59 59 58
58 58 58 58 58 59 58 55 55 55 55
55 55 55 58 58
58 58 58 40 49 49 64
64 64 64 67 67 40 49 49 49
49 49 49 49 40 70
40 79 79 79 40 40 49 49 49
49 49 49 49 49 49 49 49 49 41 70
76 73 64 79 70 70 70 70
70 70 67 70 70 70 76
64 76 79 49 49 79 73 73
76 76 79 79 79 79 49 79 79 79 79 79
70 70 79 79 76 76 76 79 79 49
49 49 40 40
40 40 40 40 40 31 31 40 49 49 49
49 40 40 40 40 40 40 40
40 40 40 40
40 40 37 37 37 37 37 37
40 37 37 37 37 40 40 58 61 61 58 55
55 58 52 49 79 52 70 70 67
55 58 58 58 59 68 59 67 59 58
67 67 68 68
58 58 58 58 67
62 62 58 67 67 67 67
67 58 70 61 68 71 58 58
55 55 58 58
58 58 58 58 58 58 61 61 58 58
58 58 59 68 58 58 58 58 58 67
67 67 76 76 70 67 70 70 70
68 59 58 67 67 67 70 49 41 41 41
49 49 49 40 40 40 67 67 67
67 70 61 61 58 55 58 58 58 58
58 58 58 58
58 59 61
61 58 58 58 58 58 58
58 58 55 58 58 58 58 58 58 58
58 58 58 58 58 58 58 61 61
58 58 55 55 55 58 58
58 58 58 58 58
58 58 58 67 49 49
49 49 79 79 79 79 79 79 70
49 49 49 49 79 79
79 53 80 80 76 49 41
71 49 71 71 71 49 49 71
71 71 49 49 49 49
49 49 79 79 76 76 79 79
79 76 79 79 49
49 49 49 49 49 49 49 40 40
40 49 49 49 40 31 40 40
49 49 49 49 49 49 49 50 50 77
79 79 52 43 43
70 70 70 49 49 52
70 55 58 58 58 58 58 58 58
58 58 58 67 67 67 67 67 67
67 67 58 67 67 67 67 67 58 58 67
67 67 58 49 49 49 49 67 67 67 58 58
58 63 63 63 63 63 63 63 63 63
59 58 58 58 58 58 58
58 58 58 58 58 58 58 58
58 58 58 58 58 58 58 58 58 58
58 61 58 58 61 61 58 61 61 61
61 70 52 52 79 79 79
76 79 79 79 79 79 79
80 53 53 52 53 53 53
53 53 53 53 53 79 79 79 67 58 58 61 61
61 61 61 61 62
58 58 55 58 58 58 61 61 61
61 40 40 67 50 80 71 41 40 52
43 41 40 31 58 60 60 60
63 63 63 63 63 58 58 58 58
58 58 58 58 58 58 58 58 58
62 62 62 58 58 58
58 58 58 58 58 63 63
63 63 63 63 63 49 50 50 49 40 40
40 49 49 49 49
40 40 32 44 44
41 41 41 49 49 46 46 46 49 49 76
67 58 58 58 58 58 58 55
55 55 55 58 58
58 59 63 63 63 63 63 63 63
63 63 63 63 19 0 0 0 0 0
0 0 0 0 0 0
0 0 0 0 0
1 41 41 41 41
50 49 49 67 67 68 68 70 70 70 70
70 52 43 70 70 70 70 52 52
70 70 70 79 70 70 61 61 61 70
70 70 70 70 49 52 49 79 79 70
76 67 40 49 49
50 41 41 41 41
41 41 41 41 41 41 49 49 41 41
41 41 41 41 41
41 41 49 49 49 49 49 41 41 41
49 49 40
49 49 49 40 41
41 41 41 40 43 40 37
37 40 37 49 79 79 76
76 79 76 79 76 76
76 76 76 70 49 49 49 40
40 49 49 49 49 49
49 49 49 49 49 49 41
41 40 40 41 41 41 41 41
41 41 41 49 49
41 41 41 41 41 40 41
41 41 41 41 41 41
41 49 49 49 40 49 49
49 49 41 76 77 50 50 41 41
41 41 41 41 41 49 49 41 41 41
41 41 41 41 41 41 41
41 41 41 41 41 41
41 41 40 40 31 59 63 63 63 60 63 63 63 63
63 63 63 63 63 63 63 63 63 60
60 60 58 58 67
67 67 67 67 68 59 58
58 58 58 58 58 58 58
58 58 58 58 67 58 59 63
63 63 59 59 63 63 63
63 63 63 63 63 63 63 63 63 63
63 49 49 49 49 49 41 41 41 41
41 41 49 49 49
49 49 49 49 49 49 49 49 41
41 41 49 49 49
50 52 49 49 49 49 52 52 49
49 49 49 50 49 49 50 49 49 49 49
49 49 49 49 49 49 49 49
49 49 41 68 79 67 41 41
50 41 44 41
41 50 50 50 49 49 49 49 49
41 41 76 76
76 76 76 76 76 76 79
79 79 52 52 52 79 79 40
49 49 49 49 79 77 77 76 76
67 76 67 70 67 68 59 63
63 59 59 59 67
67 58 58 62 58 58 61 49 49 49 41 41
50 50 50 49 49 76 68 76 76 76
76 67 76 76 67 67 58 58
58 58 58 58 58 58
59 58 67 58 58 58 58 58 58
49 49 49
41 41 41 41 50 41 40 49
50 49 67 67 76 77 74
68 67 67 67 70 67
70 70 70 67 68 59 58 58 58 58 58 58
58 58 67 49 49 49 49 49 49 49
67 67 58 67 67 67 67 68 68
67 67 64 68 67 67 58 58 58 58 58 67 67
49 49 50 49 49 49 49 50 50
50 50 41
41 41 41 41 41 49 49 49
50 50 41 41 40 40 40 40 40 40
40 40 40 40 40 40 40
40 49 49 49 49 49 49 49
49 49 49 40 40 40
40 40 49 76 76 76 76
76 76 76 67 58 58 58
58 40 49 49 49 49 49 40
41 41 41 40 49 50 41
41 41 41 41 41 41
41 41 41 41 41 41 41 41 44
44 41 41 44 41 49 50
50 49 41 41
49 49 49 49 49 49 49 49
49 50 50 50
50 49 79 79 79 79 79
76 79 79 79 79 76 76 76 79
80 79 79 52 52 52 52 79
76 70 70 70 64 59 63 62 62
62 62 63 63 63 62
62 67 76 49 49 41
41 40 40 37 37 37
76 76 76 67 58 58 58
58 58 58 58 58 58 58
58 58 58 58 40 41 41 49 49
49 49 49 49 49 49 49 52 52
49 49 49 67 67 67 67 58
58 58 58 58 58 58 58 58 58
58 58 59 59 68
67 67 67 67 61
61 49 49 80 68 71 71 72 72 71 71 71
71 71 71 71 71 71 71
63 58 58 58 40 40 40
70 52 52 52 52 52 52
52 52 52 52 79 76 49 49
49 49 79 79 79 76 67 67 40
71 79 22 49 49 50
49 46 46 46 46 67 76
52 52 52 52 52
25 16 25 25 52 52 52 52 52
52 52 52 52 52 52 52 52
43 43 52 52 52
43 79 79 70 67 76 76 67
67 67 62 62
59 59 71 62 62 62 49 22 49 79 79 79
79 79 79 79 58
58 67 49 49 49 49 49 52 49 49
49 50 50 50 49 49 50
50 50 50 49 76 76 76 49
49 49 49 49 49 49 49 49 40 80
76 79 79 79 43 25 52
79 19 0 0 0 0 0 0 0 0 0
0 0 0 0 0 0 0
76 76 79 79 79 79 79 79 79
79 58 58 58 58
58 59 59 58 49
49 41 50 49 49 49 49 49
49 49 49 49 79 49 79 79 79 79
70 52 79 52 52 52
25 52 52 52 52 25 52 41
41 49 49 49 41 41
41 41 41 41 49 49
40 40 40 40 40 40 41
41 41 40 67 67 49 49 49 11
20 20 20 19 19 19 19 19 10
10 11 11 11 0 2 3
0 0 0 10 1 10 10 1 10
1 1 10 41 40 40 49 0 0
21 19 19 19 80
71 71 71 80 53 50 49 79
79 79 43 79 79 79 52 52
61 61 61 61 61 61 61 61 61 61
61 61 61 61 61
50 49 49 22 19 76 67 67
76 76 76 76 67 64
64 58 58 61 61 61 70
52 52 52 79 52 52 79 79 79
79 76 68 58 58
58 58 58 58 58 58 58 40 49
49 49 49 60 63 63 63
63 63 63 63 62
63 63 63 63 63 63 63 63
63 63 63 63 63 59 67
67 67 67 67 40
49 49 67 62 62 63 63 49
41 41 41 41 41 41 41 40 40 68 67
67 67 67 68 67 67 64 67 64
64 67 70 70
70 52 52 52 52 79 79 79 79 79
79 79 52 52 25 25 52 52 43 43 52 52
43 43 43 43 79 43 43 43 52
79 52 52 52 52 79 43
34 52 52 52 52 43 34 34 34
34 43 52 52 52 52 43
43 52 49 49 49 49 49 40 40 40
40 40 40 49 50 41 50 50 50 50
41 41 41 41 41 41 68
63 63 63 63 63 63
63 63 63 63 63 63 63 63
63 63 63 63 63
63 63 63 63 63 63 63
63 63 63 63 63 63 63
63 63 63 68 79 79 41 19 76 76
79 79 79 79 79 79 76 76 79 79
79 79 52 52 52 52 52 52 70 43
49 67 76 77 77 76 76
76 76 76 76 0 0 0 0 0 0
0 0 0 0 0 0 0 0 0 0 0
0 0 0 0 0 40 40
49 49 40 40 40 40 40 40 0
0 0 0 0 0 0 0 0
0 0 0 79 79 76 76 76
76 67 76 67 58 58 58 58 58
58 58 58 58 58 58 58 58 58
58 49 49 79 79 67
61 61 52
52 79 52 52 52 52
52 52 52 25 52 52 52 79 79 52
52 52 70 70 70 52 79 79
79 79 49 41 41 40 40 40 41 41
40 40 41 41 41 41 41 41 41 50
50 40 40 41 41 41 41 41
41 41 41 41 70 70 70
70 70 52 52 52 52 52 70 43
52 52 52 52 52 52
52 52 52 43 43 43 52 52 52 52 52 52 79 52
43 43 69 63 63 63 63 63
59 49 49 41 41 41
41 41 49 41 41 41 50 41
41 41 41 41 41 41 41
40 49 49 49
49 49 52 49 49 40 49 49 49 49
49 22 22 50 41 41
41 41 49
49 49 49 49 49 49 49
49 49 49 49 67 67 67 55
58 58 67
67 64 58 58 58 58 58
58 58 58 58 58 58 58 67 67
71 68 62 62 49 49 49
49 41 41 41 41 41
49 49 40 40
40 50 51 41 41 41 41 19 49 49 49
49 49 49 41 41 41 72 44 41 71 71
44 44 71 71 44 44 44 41 41 41
68 41 41
69 68 41 41 50 41 40
40 49 49 49 49 49 41 41 41 49
49 49 41 41 41 1 0 0 0
0 0 0 0 0 0 0
0 0 0 0 41 49 49 41 41
41 40 40 67 67 68 58 58 58
71 58 58 58 58 58 58 58 58 55 58
71 71 68 58 59 59 58 59 59
62 79 62 62 63 62 62 62 62
62 62 62 62 62 62 62 62 62 62
62 62 62 62 62 62
62 62 62 62 62 62 62 62 62 62
62 62 62 62 62 62
62 62 62 62 62 63 63 63
63 63 62 49
41 41 40 40 41 49
49 49 49 49 41 41 41 41 41 41 41
41 41 41 40 49 49 41
41 41 40 40 40 41 49 49
49 49 49 49 79 79 79
0 0 0 0 0 0 0 0
0 0 59
58 58 58 58 49 49 49 41
49 49 41 49 41 41 41
49 49 49 49 49 46 49 49 49 50
50 49 49 49 49 49 49 49
49 49 49 50 41 49 49
49 49 49 49 76 58 58
58 58 58 58 59
59 58 58 58 63
63 63 63 63 63
58 60 60 60 60 59 58
58 40 40 49 49 49 49 49 41
49 76 49 40 40 40
40 40 40 40 40
40 40 40 40 67 58
58 55 58 58 58 58 58 58
58 58 58 58 58 58 58
61 58 58 58 58 58 58 58
55 58 58 58 58 58
55 58 58 55 55 58 58 76 49 71 49
70 49 79 79 79 79 79 79 79 79 49
49 49 49 40 41 40 40 50 50 50
50 50 50 31 31 40 49
49 49 49 49 40 40 40 40 40 40
40 40 40 40 40 40 40
40 40 40 40 40 40 40 40 76 40
40 49 49 70 67 58 61 58 58 58 58
67 67 76 79 79 49 79 79 79 79 70
41 41 41 41 41 41 40 40 41 40
40 40 40 52 49 49 49
49 49 37 40 40 40 40 40 40 40
49 49 49 49 79 58 58
58 58 58 55 55 58 58
58 58 58 58 59 59 59 40 49
49 49 49 49 41 41
41 41 41 40 41 41 50 27 27 27 53
53 27 27 53 53 81 53 53
53 53 45 53 53 53 53 44 44 54
54 54 54 53 53
26 26 53 53 53 53 53 53 53
53 44 53 53 53 53 53 44 44
80 80 40 49 41 41 41
41 41 49 49 49 49
49 49 49 49 49 49 49 49 50
49 49 49 41 49 49 49 49 49 49 49
41 41 41 41 41 41 41 41 41 41
41 41 41 41 49 49 49 50
51 50 50 50 41 41 41 49 49
49 49 49 49 52 52 53 53 44 71
52 79 79 59 40 49 49 49 49
50 51 51 50 50 50 49 49 49 49 49
49 49 49 49 79
79 52 52 52 79 49 49
79 79 79 79 79 79 79 79 79
79 52 79 79 79 79 79 76
76 80 79 79 79 52
52 44 41 79 52 43 52
79 79 79 79 52 52 52 52 52
52 52 52 52 52 52 52 52
25 25 25 52 79 52 52 52 79
52 70 70 40 40 50 50
50 49 49 49 49 49 79 68 68
41 50 49 49 76 76 76 67
67 58 58 58 67 67
40 49 41 41 41 49 49
40 40 40 40 41
41 41 41 41 41 40 41
41 41 41 49 49
49 49 49 49 49 49 49 49 49 49
49 49 49 50 54 53 54 53 53
53 53 53 54 44
53 53 53 53 53 53 53 53 53 53 53
53 53 53 49 49 49 49 49 49 49
49 49 76 67 67 67 67 67 67 67 58
58 58 58 46 49 19
19 49 49 49 76 79 79 76
79 76 76 79 76 76 79 77 77
76 76 76 76 79 50 23 24 27 27 53 53
54 54 41 41 41 49 49 49 46 41 41 41
41 41 49 0 0 0 0 0 0 0 0
0 0 0 0 0
0 0 0 0 0 0 0 0
40 40 40 40 41 50
41 50 50 52 25 25 25 25 25
25 25 25 25 25 52 52 25 25
25 52 0 0 0 0 0
0 0 0 0 0 21 0 0 0 0
0 0 0 0 0
0 1 76 76 76 76 76 79
52 52 25 79 52 52 52 52 52
52 52 52 79 52 52 52
52 52 52 52 52 52 52 52 52 52 49
49 49 49 49 49 49 52
52 25 52 52 52 52 52
52 52 60 63 63 63 63 63
63 63 19 0 0
0 0 0 0 0 0 0 0 0 0
0 0 0 0 0 0 0 0 0 0
49 49 40 40 40
49 49 49 49 49 49 49 49 49 49 49
49 49 49 49 49
49 49 49 49 49 49 49
49 49 49 49 49
49 52 49 49 49 49 49 49 49 49
49 49 49 49 49 49 49 49 49 49
41 41 41 41 49 49 49 49 58 63
63 63 63 44 50 49 49 49 49 49
22 49 49 49 49 49 0 0 0
0 0 0 0 0 0 0 0 0 0
0 0 0 0 0 37 37 37
37 37 37 37 37 37 37
37 37 37 37 40 40 49 49 49 49
49 49 49 49 49 49 49 49 49 49 40
58 58 58 58 70 79 79 79 79 79 49
41 49 49 40 41 50 50 41 41 41 41 41
41 49 49 49 49 49 49 49 49 49
49 49 49 49 49 49 49 49 49
40 49 49 49 49 49 49
49 49 49 49 40
49 49 49 49 49 49 49 49
49 49 40 41 40 40 49 40 37 76 76
76 76 76 76 76 76 76 79 76
76 76 76 76 76 76 76 76 76 76
76 76 58 58 58 58 55 58
58 58 58 59 63 63 63 63 63 63
63 49 41 41 41 41
41 41 41 40 49 49 49 49
49 49 49 49 49 49 49 49
50 49 49 49 67 67 67
67 70 68 61 61 61
70 52 52 52 52 52 52 52 52
43 43 61 70 79 50 49 49
49 49 49 49 49 49 49 49
49 49 49 49 49 41 50 50 50
50 50 50 50 50 49 40 40
49 49 49 49 49 49
52 49 68 60 55 58
58 58 41 41 41 41 41 50 41 41 41
41 41 41 41 49
49 49 49 49 49 49 49 49 49 49 49
49 50 49 49 49 49 49 49 49 40
40 41 49 49 40 58 58 58 58
58 58 58 58 58 58 58
58 58 59 58 58 58
58 58 58 62 59 59
59 67 76 49 49 49
41 41 41 41 41 41 49 41 41
50 50 41 68 68 49 41 41 71 71
62 63 63 62 62 71 71 71 63
63 63 63 63 62 71 71
71 71 71 71 62 62 62 71 62 63 63
63 59 58 55 61 61
61 61 61 1 1 0 0
0 0 0 0 0 0 0
0 0 0 0 0 0 0 0 0
40 40 41 41 41 49 22 50
54 81 71 71 44 44 44 44 44
44 49 49 49
50 50 50 49 49 49 49
49 49 49 49 50 50 49 49
41 41 41 41 41 41 49 49 50 49
49 41 49 50 50 50 50 41
41 41 41 41 41 41
41 41 41 41 41 41 41 41 41 41
41 41 41 41 41 41
41 49 49 49 49 40 40
40 40 40 67 76 76 67
67 58 58 61
61 61 61 61 61 61 61 61
61 61 61 61 61 61 61
61 61 61 61 61 61 55 55 55
55 55 55 55 55
55 55 58 58 58 58
58 58 58 58 58 58 58
61 58 58 58 58 58
58 58 58 59 58 58
58 58 58 61 61
61 58 58 58 58
58 58 58 58 58 58 58
58 58 58 49
41 41 41 41 41 41 41 50 49 49
49 41 40 40 40 49 49 49 49 49 49
49 49 50 41 41
41 41 41 41 50
50 41 41 40 50 50 50 50 79 21
21 21 21 0 0 19 19
19 19 19 19 19 19 19 19 19 19
19 19 19 19 19 19 19 19
19 19 50 49 50 19 19 19
10 37 40 40 49 50 20
20 0 0 0 0 0 0 0
0 0 0 21 21 21 21 21
49 41 41 46 50 40 10 40 37 46
40 40 40 41 41 23 50
50 49 49 41 41 41 40
50 50 50 50 49 49 40 49 49 49
49 41 41 41 41 41 41
41 49 49 49 49 41 49 49
49 49 49 49 50
50 50 50 49 49 49 49 49 49 49 49
49 49 49 49 49 49 49 49
53 54 54 54 54 54
54 49 49 49 49 49
67 67 67 76 76 79
52 43 70 70 79 49 79
79 79 76 49 41 41
41 41 40 31 31 31
40 49 49 22 20
21 21 21 41 41 41 41 41 41
41 41 49 49 19 19 19 19 41 41
50 41 0 0
1 1 21 21 31
31 31 0 0 0 0 21
0 0 0 0 0 0 0 0
0 0 61 58 58 58 58 58
58 49 49 49 49 41 41
41 41 41 41 41 41 41 41 50 49
49 50 50 50 49 50 50 50 41 50
49 49 49 41 41 40 40
41 41 41 49
49 41 41 41 40 58 58 55 59
58 58 58 59 59 58 58 58
58 58 58 58 58 58 58 58 58 58
58 58 58 58 58 59 58 58 58 58 58
58 58 58
58 58 58 58 58 58 58 58
58 58 58 58 58
58 58 58 58 58 58 58 58
58 58 58 58 58 58
58 58 58 58 58 58 58 58 58 58 58
58 58 58 58 58 58 58 61 58
58 40 40 19 49 49 49 22 49 49 49
49 49 49 49 40 31 31 31
40 49 49 49 49 49 49 40 41 41
41 49 49 49 46 49 49 49
52 49 49 52 52 52 52 52
52 49 68 63 63 63 63 63 63 63 63
63 63 63 63 63 63
63 63 63 63 63 63 63 63
63 63 63 63 63 63
49 49 40 40 40 40 40
40 40 40 40 40 49 49 49 49 49
49 49 49 49 49 49 41 40 49 49 49
49 49 49 49 49 53 54 54
53 44 44 44 44 44 44
53 54 54 44 80 53
53 53 53 53 53 81 53 53 53 53 53
54 53 53 53 54 54 44 44
44 44 54 54 53 53 53 53 53 53 53 44 54
53 44 53 53 53 53 53 50 49 49 49
49 49 49 49
49 49 49 49 49 49 49 40 40
40 52 49 50 53 50 50 49 49 49
49 49 52 52 52 52 58 58
61 62 61 61 61 61
61 61 61 61 62 62 61 62 62 62 62
62 62 62 62 62 62 62 62 62 62
58 58 58 58 58 58 58 58 58 58
58 67 76 76 76 49 49 79 49 79 79
79 79 79 43 79 79 79
52 79 79 52 52 52 52 52
52 52 49 49 49
49 70 70 70 70 49 49
49 49 49 49 49
41 41 40 40 40 40 40 37
37 40 40 40 40 40 40 40 40 58 55
55 28 28 31 55 55 64 64 73
76 76 68 59 58 58 58
58 58 58 49 49 49 49 50 50 50
50 49 46 49 49 49
40 40 40 40 40
37 40 37 40 40 40 40 49 49
49 49 49 52 49 49 49
49 49 49 49 49 49 52 40 40
40 40 37 37 37 37 37 37
37 64 64 76 67 40 31 40 40
40 50 50 50 50 50 41 41 41 41
49 49 60 63 63
63 63 63 63 63 63 63
63 63 63 63 63 63 63 63
63 63 63 63 63 63 63 63 63
59 58 58 58 61 61 58 70 70 71
49 49 49 49 49 49 52 52
25 25 25 25 25 52 79 79 70
70 52 22 22 49 52 50 49 49 49
41 41 41 41 41 40 49 41 41 41 41
41 41 44 49 49
41 50 49 49
49 49 41 40 41 40
49 49 40 40 49 49 41 41 49 49 41
41 41 41
41 40 49 49 49 49 67 67
78 79 70 71 79 49
52 52 49 49 52 79
49 79 79 79
49 49 79 49 49 49 49 49 49
68 63 63 63 63 59 58 58 58 58
58 58
58 58 58 58 58 58 58
58 58 58 58 58 58 59 60 63 63 63 63
63 63 63 63 59 67 67 67 67
67 67 67 67 58 67 67
67 67 58 67 58 67 49 49 49 49
49 49 49 49 49 49 41
50 40 46 49 52 52
25 63 63 63 63 62 62 62 63 59 58
58 58 58 58 58 58
58 58 58 58
58 58 58 58 58 58 58 58
58 58 61 59 59 58 58 49 49 49
49 40 40 40 40 43 52
52 52 52 52 52 52 52 52
52 52 52 43 52 52 52
52 52 52 43 52 58
58 58 58 58 58 58 58 58 58 58 58
59 59 58 58 58 58 58 58
58 58 55 55 58 58
58 61 61 61 0 0 0
0 0 0 0 0 0 0 0 0 0
0 0 0 52 49 49 49 49 49 41
41 40 40 40 40
40 49 41 49 49 49 49 49 49
49 49 49 40 41 41
41 41 41 41 49 49
49 49 49 49 41 49
49 49 49 49 40 40 40
49 49 52 43 53 53 80 79 52 80 43
52 80 53 49 79 49 49
25 25 16 16 49
49 49 79 76 76 79 76 76 76 76 76 76
76 79 79 41 41 41 41
40 40 49 76 70 49 79 49
52 79 79 76 52 77 68 58 61 55
58 59 59 61 58 58 58 49 40 40
49 49 49 0 0 0 10 19
19 19 19 19 19 19 19 19
19 19 19 19 19 19 19
19 19 19 19 19 19
19 19 19 19 19 68 63
63 60 33 33 33 33 33 63 63 63
60 60 60 60 60
60 63 63 79 79 79 70 70 79 79
79 79 79 76 67 40 76 58
58 58 58 58 58 58 67 40
49 49 49 52 52 52
52 52 52 52 52 52 52 52 52 52
52 43 43 52 52 52 52
52 70 70 67 67 67 70 71 71 49
49 79 41 40 40 41 41 50 49 49 49
49 49 49 49 49 49 49 50 50 50 50
50 50 50 49 49 41 50 49
49 49 49 49
76 52 53 49 52 49
49 49 49 49 49 49
49 49 49 79 79 79 67 43 71 71
31 61 61 59 59 58 58 68 59 59 58
58 58 58 58
58 58 58 58 58 58 58 58
58 58 58 58 58 58 58 58
58 58 58 58 58 58 58 55
55 55 28 55 58 59 63
63 59 58 58
58 58 58 58
58 58 58 59 59 59 58 58 58
59 58 58 58 58 58 58 58 58 58
58 58 58 58 58 61 61 58
58 58 58 55 58 58 58 58 55 58 58
58 58 58 58 58 58 59
59 59 58 59
62 58 58 59 60 63 63 63
59 79 49 49 52 52 53 52 52
49 40 40 40 49 49 49 67 58
58 58 58 58 58 58 58
58 58 58 58 58
58 58 58 58 67 58 58
58 58 58 58 58 62 58 67
71 72 63 63 72 72 72
71 71 71 72 71 63 63 63 63
63 63 63 63
63 63 63 63 63 63 63
63 63 63 63 63 63 63 63
63 63 63 63 63 62 63 63 62
63 72 72 71 63 63 67
67 67 58 55 55
58 62 62 61 70 79 52 52
79 52 25 52 52 52 79 43
43 52 52 52 52 79 79 79
52 52 43 52 52 52 52 52 52
52 52 49 49 49 70 71 71 71 67
67 67 67 70
67 71 71 67 76 67
67 70 70 71 71 49
49 49 49 41 41 41 41 41 40
49 49 49 50 50 50 50 49 49
40 67 40 40 70 80
80 80 80 80 80 70 79 70
70 58 31 31 62 63 63 62
62 58 58 58 58
58 58 58 58 58 58 58 58
58 58 58 58 58 58 58 58
58 58 58 58 58 58 58
58 58 58 58 58 58 58 58 58 58 41
41 79 49 49 49 49 49 49
49 49 49 49 0 0
0 0 0 0 0 0 0
0 0 0 0 0 0 0
0 58 58 58 58 58
58 59 59 59 59 58 58 58 58 58 62 59
58 58 58 58 58 58 58 58
58 58 67 67 70 41 40 49 49
40 41 49 49 49 49 49 40
40 40 49 49 49 49 49 40 40 41
41 41 41 41 41 41 41
40 49 49 67 67 77 41
52 71 71 70 70 70
70 52 52 52 52 52 79 79
70 49 49 79
79 70 79 79 79 79 52 71 62 63 62
62 62 62 44 53 26 26
26 53 44 71 71 71 62 62 61 53
49 41 41 41 41
41 21 21 21 21
21 0 0 0 0 0 0 0
0 0 0 0 0 0
0 0 0 0 0 0 0 1
0 0 0 0 0
0 0 0 0 1 1 0 0 0
0 21 21 21 49 49 49 49 40
40 40 49 49 76 49 49 40 68 76 76
79 52 25 52 25 52 52 52
52 70 70 70 67 67 67 70
70 70 70 52 79 49 49 40 70 70
70 70 70 70 67 67 67 49 41
41 41 49 49
49 49 49 41 41 41 41 41 41
41 41 50 41
41 41 49 49 49 49 49 49
46 46 49 49 49 49 49 49 49
49 49 49 49 49
49 49 49 49 49
49 49 49 49 49 49
49 49 41 50 41 50 50 50
77 50 50 49 46 46
46 46 49 46 49 49 49 49 49
49 49 19 19 19 19 19 49 46
19 49 49 49 49 49 40 40
49 49 76 76 76 76 76 76
76 76 76 79 76 76 76 67 67
67 67 49 49 49 49 40 49
49 49 49 49 49 41 49 46 49 49
50 50 40 40 40 40 31 31 49 49
49 41 41 41 41 41
41 41 41 50 50 50 50 50 50 77
49 49 49 49 49 49 49
49 49 49 76 76 79 76 76 67
37 40 40 41 44 41 41 41 50
49 41 41 41
49 49 49 49 49 49 49 49
49 49 49 49 49 49
49 49 49 49 49 49 49 49 49
49 67 67 67 67
67 67 58 58 58 58 58 58 58
58 58 58 58 58 58
58 58 58 58 58 58 58
63 63 63 59 49 49 49
49 41 41 41 71 71 71 71 80 80 80 80
71 41 41 70 61 61 10
0 0 0 0 0 0 0 0 0 0
0 0 0 0 0 0 0 0 49
49 50 50 49 49 49 46 49 46 46 49
49 49 49 49 49 49 50 50 50
50 49 49 49 49 49 52 52 52 52 25 25 22
49 40 46 49 49 49 49 49 76 79
79 79 79 79 79 79
79 50 19 19 19 19 46 46 46 49
49 59 63 63 63 0 0 0
0 0 0 0 0 0 0 0 0
0 0 0 0 0 0 0 0 0 0 0 0
0 0 0 0 0 0 0
0 0 0 0 0 0 0 0
0 0 0 0 0 0
0 0 79 79 79 52 79 79
79 22 20 20 20 20 20 20 20 20
21 20 20 20 0 0
0 0 0 49 79
79 79 79 79 79 76 76
76 77 67 67 58 58 58
58 58 58 58 58 61 61
58 58 58 58 58 58 58 58 58
58 58 58 58 58 58 58 40 49
49 41 41 41 40 40 40
40 40 40 40 70 79
79 79 70 49 49 76 67 67 58
