79 79 79 79 79 79 79 79
79 79 79 79 79 79 70 70 70
71 79 70 80 79 71
71 79 79 71 71 71 71 71
71 71 71 79 79 79
79 79 80 71 79 79 79 70
70 79 79 79 79
79 79 79 79 79 79 79 79
71 79 79 79 79 79
79 79 79 79 79 79 79
71 71 71 71 79 79 79 79 70
71 71 67 67 71 71 71 71
79 79 79 79 79 76 76
76 76 76 76 79 71 71 71 71
79 79 79 79 71 71 71 71 71
71 71 71
79 80 80 80 80 80 80 80 80
80 80 80 80 80 70 70
79 79 80 70 70
79 79 79 79 79 79 79 79
79 79 71 71 71 71
71 70 71 71 71 71 71 71 71
71 71 71
71 71 71 71 71 71 50 50
50 79 79 79 79 79
40 67 67 70 70 70 70
70 79 79 79 79 79 79 70
70 70 70 70
67 70 70 70 71 71
40 49 49
70 71 71 71 71 71 71
70 70 70 70 70 70 70
70 71 71 71 71 70 70
79 80 80 80 80 80 80 80
80 79 79 79 79
79 79 79 79 71 71 71 71
79 79 79 71 71 71 70
71 71 71 80 79 79 80
81 81 81
81 80 76 73 73 73 73 79
76 71 71 71 71 71 71 71
71 71 71 71 71 71 79
79 80 80 71 71 71 80
71 71 71 71
70 70 70 70 70 71
71 70 70 70 70 71 71 71
70 79 79 80 80 79 80
80 71 71 80 80 70
80 71 71 71 71 71 79 79 79
79 79 70 80 71 71
80 79 77 71
71 71 70 70 70
70 70 70 70 79 79 79 70
79 70
70 70 70 70 70 71 71 71 71 71
70 70 71 71 25 25 25 25
25 71 71 71 71 71
79 79 79 79 79 79 79 79
71 71 79 79 79 79 79
71 71 79 79 71 71
71 71 71 71 80 79 79 79
49 79 79 71 71
71 71 79 79
80 79 71 71 71
71 71 79 71 71 79 79
70 79 79 79 79 79
70 79 79 79 71 71
71 70 70
70 71 71 71 71 71
79 70 71 79 79 79 79 79
79 79 79 79 79
79 79 79 79 70 71 71
71 70 70 70
70 70 70 70 70 80 80
80 80 71 71 71 79 79 79
79 79 79 71 70 70 70
70 70 70
70 70 70 70 70 70 70 70
70 70 70 70 70 70 71 71
71 71 71 70 61 70 70
70 70 70 70 70 79 79
79 79 80 79 70 70 70 70
67 67 70 70 70 70
70 70 79 79 79 79 79
79 79 70 70 70 70
70 80 80 81 81 81 80 79
79 79 79 79
71 62 61 71 70 71 70
67 70 70 67 67 67 67
70 70 70 49 49 49 49 49 49
79 79 76 79 79 79 79
79 71
71 71 70 67 67 67 67
67 67 67 50 41 41 41 71
71 71 71 71 81
72 72 71 71 71 79
71 71 71 71 71 71 71 70 70
79 79 79 79 70 70 70 70
70 71 71 70 67 76 76
79 79 79 79 79 79
80 80 80 80 80 80
70 71
79 79 79 79 79 79 79 79 80
80 80 71 71 71 80
80 71 71 71 80
80 80 80
80 80 53 80 53 53 80
80 80 80 79 79
71 71 71 79 79
80 80 80 80 71 71 79
79 79 79 79 71 71
71 71 71 79
79 79 71 71 71
71 71 70 70 71 71 79
79 79
80 50 51 51 51 51 51
51 51 81 81 67
67 70 70 70 70 43 44
71 71 71
79 79 79 79 79 79 79
79 79 80 80
80 80 80 80 71 80 81
80 71 71 41 71
79 79 79 79
79 71 71 71 71 71 71 79 79
79 79 79 79 79 79 71
71 71 71 71 80 80
81 81 80 80 80 80 80
71 71 80 80 79 79
79 79 79 79 79 49 79
79 79 79 71
71 71 71 71 71 79 79 79
79 79 79 79 79 79
79 79 79 79 52 70 70
71 79 79 79 79 79
79 49 19 19 19 19 49 49 52
52 71
71 71 80 71 71 71 79
70 71 71 71 71 71 71 71
71 71 71 71 79 79 71 79
79 79 79 79 79 79 79 79
79 79 79 79 79 79 79 79 79 79
71 71 71 70 70 61 61 61 70 79
80 80 80 80 80 80
80 80 71 71 71 71
71 71 71 71
71 71 71 71 79
79 79 79 79 79 79 79
79 79 79 79 79 79 79 79
79 70 70 70 70
80 80 80 80 80 80
80 80 80 80 80 80
80 80
80 80 80 53 80 71
71 71 71 80 80 80
80 80 80 80 80 80
80 79 79 79
79 79 79 79 79 70 70
70 70 61 70 79 79 79
79 79 79 79 70 70
70 79 79
79 79 79 79 79 70 70 70
79 79 79 79 79 79 79
79 79 79 79 79
79 79 79 79 79 79 79 79 70
79 79 79 79 79 71
71 49 49
79 79 79 79 79 79 70 71
79 79 79 79 79 79 79 79 79 79
70 70 70 70 70 70 70 70
79 79 79
71 71 70 79 79 79 79
79 79 79 79 79 79 79
79 71 71 71 70 70 70 70 70
70 70 70 70 71 80 81 81 80
80 80 80 71 71 80
80 80 72 81 81 80 80
80 80
52 79 79 79 52
52 79 79 52 79 79
79 79 79 79
79 79 79 79 61 61
61 61 70 70 79 80
80 80 80 80 80 80
80 81 81 81 81 81 80
79 70 79
79 79 79 79 70 71 70 70
70 70 79 79
79 76 73 73 73 73 73 73
76 76 76 70 61 70 79
79 79 79 79
80 80 80 80 80 80 81
80 80 70 70 70 70
70 70 70 71
71 71 71 71 71 71 71
71 71 70 70 70 80 80
80 81 53 80
80 80 80 80 53 81
80 54 80 79
76 76 76 76 76 76
73 76 76 73
73 73 73 79 79 79 79 79
79 79 79 79 79 80
80 79 79 79 79 70 70 70
70 70 70 70 79 79 79 79 79
79 79 79 71 71
80 80 80 80 80 70 70 70 70
79 79 79 79 80 80 80 80
80 80 80 80 80 79
79 79 70 71 71 71 70 70
70 70 70 71 71 71 80
79 79 79 79 79 79 79
79 79 79 79 79 79 79
79 79 79 79 79 79 79
79 76 76 79 79 79 79
79 79 79 79 79 79 79
79 79 76 76 76 76 76 76
70 70 70 70 71 71
70 79 67 67 70 70
70 71 49 79 79 79
80 80 71
71 71 71 71 79 79 79
79 79 80 80 80 77 77 80 80 79
79 79 71 71 71 71 79 80
80 79 79 79 79
79 79 79 79 79 79 79 71
71 71
71 71 71 71 70 71 71 71 71
71 79 79 79 79 79 79
71 71 71 71 71 71 71
79 79 79 71 71 71
79 79 70 71 71 70 70 70 0 0
