71 79 41 41 41 41 41 49 49 49 49 41
41 41 41 41 41 41 41 41 41 41 41 71 71
71 49 49 49 49 49 41 71 71
71 71 41 41 41 41 50 49 49 50 41 71 71 71 71
71 71 68 68 71 71 71 71 71 41
41 41 41 41 41 41 71
71 71 71 71 71 71 71 49 79 49 49 41 44 71 41
41 41 41 49 49
49 40 41 41 44 41 41 41 41 41 41 49 41 71 71 71
71 71 71 71
71 71 41 41 71 71 71 79 71 71 71 40 41 40
71 71 71
49 52 71 71 71 49 71 71 71 71
79 49 71 71 71 71 71 71 68 67 64 41 71
71 71 71 71 70 80 80 79 79
79 79 71 71 71 80 80 71 71
40 10 10 10 10 10 10 10 10 71 71
71 79 79 71 71 71 71 71 71 71 71 71 71 71
80 80 71 80 71 71 71 50 44 71 71 71 71 71 71 71
71 71 71 71 79 79 80 71 71 71 71 49 71 68
41 41 49
49 41 41 41 41 68 68 41 71 71 71 44
41 41 41 41 50 50 68 41 40 41 71 44 41
41 41 41 41 41 41 50 50 41 41
41 41 49 49 49 41 41 41 41
41 41 41 41 71 71 41
49 49 49 49 40 71 71 71 49 79 79 79 79 49
49 49 71 71 71 71 71 71 76 40 79 79 70 49
79 79 71 71 79
79 79 71 71 71 71 70 70 70 79 79 71 71 71 41 41
41 41
71 71 71 71 71 71 71 79 49 41 71 71 71 71
71 70 44 68 71 44 71 71 71 71 71 71 71
41 41 41 79 70 71 71 71 71 41 41 41
41 41 41 41 41 41 41 41 41 71 71
77 77 41 71 41 49 50 71 71 71
41 50 50 49 49 49 41 41 41 71 71
41 49 49 49 49 49 41 41 41 41 41 41 71 71
71 71 71 71 41 41 41 40 49 49 49
49 49 41 71 71 68 68 71 71
71 71 68 71 71 71 80 71 71 71 71
70 70 79 79 79 79 71 71 79 79 79 79
71 71 71 71 70 79 79 79 79 79 79 49 41 41 71 52
71
71 71 71 79 79 79 79 71 71 71
71 79 70 71 49 79 79 79 71 71 71 68 70 70 70
79 49
40 71 71 71 70 70 70 79 79 79 79 79
49 40 71 71 71 71 79 79 79 79
79 71 49 49 49 49 41 41 71
71 71 71 71 68 41 41 71 71 41 41 41 41 41 41 49
41 71 41 41 41 41 41 50
41 41 41 41 41 41 41 41 49 49 49 49 41 71 71 71
71
71 71 76 41 41 41 41 41 41 41 41 41 41 71
71 71 71 71
40 41 41 50 23 23 41 41 41 41
41 41 41 41 41 41 50 50 14
14 41 41 49 49 49 41 71 44 44 44 44 49 49 49 49
49 49 49 49 49 49 49
49 41 71 41 41 41 49 49 49 49 49 49
49 49 49 49 49 41 71 44 41 79 79 79 79
71 71 70 70 79 79 71 71
71 70 71 67 53 49 76 79 71
71 71 71 71 71 79 79 79 79 79 71 71 71 41 41 71
71 70 70 71 71
0 71 68 68 71 71 71 71 79 79 79 80
80 68 80 71 41 41 11 41 41 71 71 71 71
71 71 68 68 68 68 68 68 71 71 71 80 80 71 71
71 71 71 71 71
71 71 71 71 71 68 68 68 41 41 41 41 0 0 0 0 0
0 41 41
41 41 49 40 40 38 38 38 38 28 31
55 29 29 29 29 29 29 32 32
37 49 49 41 41 41 49 49 49
49 49 49 49 49 41 41 49 41 41
41 41 40 40 40 40 49 49 49 49 41 41 41 40 49 40
41 41 41 41 41 41 41 41 41 41 49 49 49 49 49 41 71
71 71 71 41 41 41 40 41 41 41
41 41 41 49 41 41
41 40 44 44 68 71 49 49 41 41 71 71 41 41 41 41 41 41
49 49 49 49 49 41 41 71 71 71 71
0 68 68 71 71 71 41 49 49 41 41 41 41 41 41
41 49 0 0 0 0 41 71 71 41
41 41 41 41 41 41 41 41 71 71 71
79 79 68 71 40 40 40 41 41 40 71 41 41 41 41
41 71 41 49 49 49 49 19 19 19 41
41 41 41 71 71 71 70 70 70 71 71 71 71 71
70 79 79 76 76 71 71 71 68 71 71 71
71 71 71 40 79 76 71 71 71 71 40 40 71
53 53 44 41 49
49 49 49 49 41 41 49 49 49 49 41 41 41 41 41 41
41 41 41 41 49 49 50 23 23 23 23 23 41
41 41 41 41 71 71 41 40 40 40 41 41 41 41 49 49
71 71 71
71 49 49 41 41 41 50 41 41 71 71
71 41 41 41 41 41 41 71 71 0 0
0 0 0 0 0 0 0 0 0 0 0 0 0 0 0 0 0
0 0 0 0 0 0 0 0 0 0 0 0 0 0
0 0 0 0 0 0 0 0 0
