80 79 77 77 77 77 77
77 76 76 71 79 79 79
71 71 71 71 71 71 71 71 71
71 71 68 68 67 67
67 67 68 71 71 68
68 71 71 41 44 71 71 70 40 43
43 49 70 71 71 71
79 79 52 68 41 71
71 71 71 71 49 49 79 70
70 50 80 71 71 70
70 71 71 71 50 50 50
50 50 80 80 40 40
70 71 40 43 70 41 49 79
79 79 41 41 41 68 80
71 71 71
0 0 0 0 0 0 0 0 0
0 0 0 0 0 0
0 0 0 0 0 0 0
0 0
0 41
71 71 71 71 71 71 71
68 68 41 71 71 71 71 71
71 71 71 71 71 71 71
71 41 41 71 68 71 71 71
64 68 68 68 41 71 71 71 71
71 79 71 71 71 71 71 71
71 70 70 64 67
71 71 68 41 71 71
71 67 68 68 71 71 71 71
71 71 71
71 71 71 79 79 79
79 44
44 77 77 50 50 80
79 79 79 79 77 71 71 71
71 71 71 68 68 71 71 71
71 68 68 68 68 71
71 71 71 71 71 41 41 41 71 71
71 71 71 50 71 71 71
71 71 71 71 67 71 71 71
71 71 49 49 49 49 49 49 49
71 71 71 68 68 71 71 71
71 71 71 71 71 49 49 49
49 79 71 71 50 72 72 72 72
71 72 72 72 81 80 76
76 76 76 71 41 71 71 71
71 71 71 71 71 71
71 71 71 71 71 71
71 71 71 71 71 49 49
79 80 80 80 77 76 76 76
73 76 76 79 80 50 79 70
71 41 49 49
71 71 71 67 68 71 71 71
71 71 68 68 71 68
68 71 71 79 79
79 41 41 41 41 41 40
40 43 40 40 40 71 79
79 49 50 41 41 41 68 71 41
41 71 71 71 71 71 71 41
41 71 71 79 49 41 71 71 71
71 71 41 79 79 79 77 77 77 77
77 80 80 80 80 77 77
76 76 76 77 79 79 79 76
76 76 76 76 79 50 53 80
71 71 71 71 50 50 50 80
80 70 70 43 67
70 40 71 71 79 79 49
71 68 68 10 10 0 0
0 0 0 11 10 11 0 1
1 0 0 11 11 0 50 71 71
80 49 41 71 71 71
71 71 71 71 71 71 80 79
71 71 71 71 67 76 80 80
79 80 77 77 68 71 70 80
80 80 80 80 77 77 71
71 71 71 68 41 44 41 67
67 71 71 49 49 52 77 77 71 68
68 74 50 41 71 79 71
71 71 71 71 71 71 71 71
71 68 68 71 71 71 71
71 71 71 50 71 41 41 71
41 41 41 77 41 71 71
71 68 71 71 41 41 76
74 68 71 71 71 71 71 44 44
44 44 53 26 26 26 26 53 53
71 68 68 71 71 71 71
68 68 71 71 71 68 68 71
71 49 70 67 68 71 71
71 71 41 41 71 71 71 71 71
49 49 79 79 79 49 79 79
49 80 79 79 67 67
67 49 80 71 71 40 73
67 71 71 76 76 77 77
49 49 49 70 70 70 70 68
64 64 64 64 68
68 71 79 79
79 41 40 49 80 80 79 64
64 67 71 71 71 71 71
71 71 71 71 71 71 52 52 79
80 80 80 79 40 40 43 1
1 10 10 20 19 19 40 67
67 70 70 70 67 67 67 76 77
68 41 49 52 49 79 79 80
68 64 64 73 76 79 41
41 41 41 41 41 50 50 50
50 80 80 80 80 80 67 67
67 67
71 71 71 41 71 71 71 68
67 71 71 71 49 49 79 71
71 0 0 0 0 0 19 19
19 19 19 80 80 80 50 79
79 79 49 49 49 76 49 71 71
71 71 71 71 71 71 71
71 71 71 71 71 71 71 71 71
71 71 71 68 68 71 71 71
41 40 40 52 52 53 54
24 24 51 51 41 40 41 71 71
71 71 71 40 41 41 71 67 71
71 67 41 71 68 70 70 71
71 67 70 71 70
71 68 70 71 70 70 68
71 71 71 71 71 71 71 79
79 71 67 71 71 71 71
71 71
71 41 41 41 41 41 41 41
71 70 70 67 67 67 70 70
68 68 79 79 41 41 41
41 41 41 41 41 71 50 64 64
64 67 71 71 71 71 71 71
71 49 43 70 41 41
41 41 0 0 0 0 0
0 0 0 0 0 0 0 0
0 0 0 0 0 0
0 0 0 0 0 0 0 0 0
0 71 77 71 71 68 41 41 67
40 40 40 79 80 80 77 68 68 68
68 68 68 68 67 67 41
71 71 71 71 71 79 52
49 49 71 71 68 68 71 71
71 71 71 71 71 71
71 71 70 70 70 70 43
71 68 71 79 52 25 25 68
68 67 70 70 67 67 70 70
70 70 67 67 41 41
40 40 70 70 70 70 68 68
68 68 71 71 71 71 71 71 71
71 68 41 41 41 71 71 41
41 71 71 71 71 71 49
41 41 71 71 50 49
49 49 76 49 49 49 49
71 71 49 49 76 0
0 0 0 0 79 79
79 79 79 81 81 51 80
80 71 77 71 80 71 71 49
49 49 49 49 49 79 71 71
71 71 71 71 71 71 71
67 67
72 50 67 67 67 67 77
77 44 44 71 71 64
64 71 71 67 64 71 71
71 71 71 67 71 71 71 71
71 49 49 49 41 79 79
76 71 71 71 71 71 71 71 71
71 71 71 68 68 71 71 71
71 71 71 71 71 71 71 71
71 67 41 71 71 67 67 49
49 49 49 49 50 80 80 80 77
51 77 77 71 71 71 71 71 71 71
71 49 49 49 49 79 79 76
76 76 76 76 76 79 79
76 49 79 49 76 49 49 71 71 71
71 79 49 41 71 71 71 71
80 67 67 67 67 67 67 70
70 71 49 49 79 79 79
71 71 71 71 71 79 71
68 71 68 68 68 68 68 49
71 44 44 71 44 40 40 40 40 40
43 70 40 71 71 71
70 49 49 76 49 49 79
49 71 71 71 71 71 71
71 71 71 71 70 71 71 68
67 67 67 70 71 71 71
49 70 70 70 70 77
77 71 68 68 71 71 68
71 72 71 -119 -119 -119 0 80
0 0 0 0 79 79 79 0 0 81
81 80 80 19 79 80 80
80 80 80 19 79 79 71 41
79 70 70 76 70 79 79 79
11 11 10 4 31 31 40 70
71 68 71 71 71 50 50 50
80 80 80 50 80 50 81 80 80 80
80 80 80 80 50 71 71 41
41 41 50 50 70 67 80 80 49 40
79 71 71 41 40 71 71 71
71 71 71 71 79 79
79 79 79 79 79 71 41 68 50
49 49 49 49 49 76 67 70
67 71 71 79 79 49 52
80 80 80 80 50 80 80 80
80 80 50 80 80 80 80 76 80
80 80 70 70 71 71 67 68
71 71 71 71 71 71 71 71
71 71 71 71 71 71 71
71 68 71 71 71 71 71 71 71
71 68 71 71 71 71
71 71 67 67 67
67 71 68 71 71 71
71 71 71 77
71 70 70 70 71 71 71 71 71 71
71 67 70 79 49 50 79 70
79 79 79 79 79 79 79 79 79
79 71 71 70 70 43 70 71
67 70
80 50 71 71 71
71 71 71 71 71 64 67 67
67 71 71 41 41 71 41 41
49 80 49 71 70 40
71 71 71 41 41 41 79 79 79
79 79 79 79 79 79 79 79
70 70 70 50 80 50 70 71
70 79 79 79 79 79 79
79 70 70 71 71
71 71 71
41 41 41 41 41 41 41
41 68 41 41 80
80 67 70 70 70 79 50 50
71 71 68 41 80
