41 49 49 49 49 76 76 76 79 79
79 52 79
79 79 79 79 76 79 79 79
79 79 79 79 79 79
49 49 79 79 70 79 79 52
52 79 52
70 70 70 70 71 70 79 79 62
79 79 79 79 76 79 79
52 52 79 79 79 79 70 71 71
79 79 79 79 79 49 49 49
49 49
49 46 71 71 71 67 40
40 70 70 70 79
79 49 49 71 71 79 79 70
79 79 52 52 79 79 79 79
49 76 79 79 71 0 0
0 0 0 0 0 0 0 0
0 0 0 0
0 0 0 0 0 0 0 0
0 0 0 0
0 0 0 0 0 0 0
0 0 79 71 70 70 61 79
70 70 70 79 79
52 52 79 79 79 79
79 79 49 49 79 79 71 49
49 49 79 49 49 71 76 76 73
76 79 76 79
76 76 76 76 76 79 80
80 40 63 71 70 70
76 76
76 76 79 80 67 40 71 71
71 70 76 76 79 40 79
79 79 76 79 79 80 80
79 79 79 79 79 79
79 79 79 79 70 70 40 40
49 79 79 79
79 70 79 79 79 79 79
79 79 79 79 70 79 79
79 79 71 79 79 79 71
80 61
61 49 49 79 79 52 79
79 79 70 79 79 79 52 79
79 79 79 79 79 79 70
70 63 72 63 63 80 71
79 70 79 79 79 70
70 70 70 70 70 70 49 49 79
76 79 70 70 70 79 79 79 70
70 70 70 70 70 61 79
79 79
52 79 79 79 79 79 79
79 79 79 79 79 79 79
79 79 79 79 79 79
79 79 79 79 79 71 71
70 70 61 61 61 70
70 70 79 49 49 49 79 79 79
79 49 76 79 79 79 79
71 70 40 40 40 40 61
70 34 61 61
61 79 79 79 79 79 79
79 79 79 79 79 79 79 52
79 52 52 79 79 79
79 79 71
79 79 79 79 79 71 79 79
70 79 70 70 79 79
79 76 79 76 79 79 79 43
70 70 61 70 40 70 70 61
70 79 79 79 79 79 79 79
79 79 79 70 79 79 79
79 79 79 79 79 79 79 79
79 79 79 79 70 72 43
79 79 79 79 79
79 70 79 79 40 40 40
79 79 79
40 79 79 79 79 79 79
71 71 79 79 79
70 79 79 79 79 79 79 79
79 79 79 79 1 10 0
0 0 0 0 0 0 71
70 70 61 61 79 79
79 79 79 79
79 79 79 79 79 79 79 79
79 79 79 79 79 79 79 79
79 79 79 70 79 79 79
79 79 70 79 79 79 70
52 52 79
79 79 79 79 79 79 79
49 40 70 70 79 79
40 70 79 79 79 70 79
79 79 79 79
79 79 79 79 79 79 79 79
79 79 79 79 79 79 71 79 80
79 79 79 79 79 79 79 71
79 79 79 71 79 0 0 0 0
0 0 19 49 47 47 46 49
41 41 41 41 79 79 80 79
79 52 79 79 79 80 79 79 79
79 79 79 79 79
79 79 79 80 70 61
70 79 70 52 79 79 79 79 79 79
79 79 79 79 79 79 79
70 70 79 61 71 63 63 70
61 79 70 61 79 79 79 79
79 79 79 79 79
79 70 79 70 70 79 79 79
79 79 79 79 79 79 79
52 79 79 79 79 79 79 79
79 79 79 79
70 79 70 79 71 79
71 40 67 62 43 79 79
79 79 47 49 40 49
49 49 68 68 68 71 71 76 68
76 80 80
70 70 70 79 79 79 79 79
79 79 49 40 40 40 40
31 31 61 61 61 70 70 52 79
79 79 79 79 52 79 79
79 79 79 79 79
79 49 49 79 79 49 79 80
80 79 79 80 79 79
79 79 80 79 79 79 79 79
80 71 79 79 79 79
79 79 79 79 79 79 79 79
79 79
20 20 21 20 21 0 1 19 19 19
19 19 19 49 79 79 49
79 79 79 79 79 80
79 79 79 79 40
70 70 79 79 79 76
70 76 70 79 79 79 79
79 79 79 79 79 79 79 76
79 79 79 79 79 79 79 79
79 79 79 80 79 40 71 41
80 79 79 49 79
71 70 70 70 61 79 79 61 79
79 79 79 79
70 70 70 79 79 70
79 79 70 70 79 79 70
79 79 79 79 79 52 52 52
79 79 79 79 52 79 79 79
79 79 79 79 79 52 52 70
79 70 79 79 70 70 79
79 70 52 43 79 79
79 79 79 79 79 79 79
79 79 79 79 79 79 79
79 79 79 79 79 79 79 61
61 61 76 76 70 67 70
70 70 70 70 70 70 70
79 79
70 79 79 79 79 79
79 79 79
79 49 79 79 79 79 79
79 79 79 79 79 79 79 79
79 79
79 79 79 79 79 79 79
79 79 79 79 79 61 79
79 79 79 79 79
79 79 79 79 79 79 79 79
79 70 43 61 70 61 70
79 79 79 79 79 70 70 79 79
79 79 79 79 79 79 79 79
79 79 79 79 79 71 71 71 71
71 79 79
79 79 79 79 79 79 79 79
79 79 79 1 1 1 1 10 11
19 11 11 11 11 11 19 11 11
11 11 11 11 11 11
11 11 11 11
11 11 11 11 19
11 11 11 11 11 11 11 11 11
11 11 11 11 11
11 11 11 19 20 11
19 11 20 20 11 10 10 11
11 11 11 11 11 11
20 20 20 20 11 11 11 11 11
19 19 10 10 19 19 19 20
10 19 19 19
19 19 19 19 19 20
20 19 20 20 20 19
19 19 19 19 19 19 19 19
19 19 19
19 19 19 20 20 19 19
20 20 20 19 19 20 20 20
20 11 10 19 19 19 19
11 11
10 10 10 10 19 10 10
10 10 19 19 19 19 11
11 11 11 11 11 11 11 11
11 20 11 11 11 11 11 11 11
11 11 11 11 11 20 20 20 20 20
20 20 20 20 20 20 20 20
11 20 20 20 20 20 20 20
11 11 11 10 19 19 19 20
20 20 20 20 20 20 20 20 20
20 20
20 20 20 20 20 20 20
20 20 11
10 10 10 11 11 20 20
19 19 19 19 19
19 19 20 20 11 11 11 11
20 11 11 11
11 19 20 11 11 11 11
11 11
20 19 11 11 20 20 20 11 11
11 11 19
19 11 20 19 20 20 20
19 19 10 19 19 10 10 10
20 12 19 19 19 19 20 20
20 19 20 20
19 19 19 20 20 19 20 20
20 20 20 19 19 19 11
11 3 12 11 11 10 10 10 10
10 10 11 11 19 11 11
10 11 11
20 20 19 19 19 19 19
20 10 79 79 79 79 79 79
79 79 79 79 79 79 79 79
79 79 79 71 71 79 71 40 49
79 70 71 71 79 71
79 79 61 79 79 79 79
79 70 79 79 79 79
11 10 10 10 10 10 20 20
20 20 20
20 20 20 20 20 20
20 20 20
20 20 20 20 20 20 20 20 20
20 10 20 19 19 20 20 20
20 20 20 20
20 20 20 20 20 20 20 20
11 11 11 11 11 11 11 20 11
11 11 19 11
11 19 19 19 19 20 20 19 19
19 19 19 19 19 19 19
19 19
19 19 20 20 20 20 19
19 19 19 19
20 19 19 19 19 19 19
19 19 19 19 19 19 19 19
19 20 20 20 20
19 19 20 19 19 20
19 20 20 20 20 20 20
20 20 20 20 19 19 20 19 19 20
20 20 19 19 19 19 19 19
19 19 19
19 19 19 19 19 20 20 20 19
19 19 19 19 19 19 19 19
19 19 19 19 19 19 19
19 19
19 19 19 19 19 19 19 20
20 20 19 19 20 20 20
20 19
19 19 19 19 19 19 19
19 19 19 19 19
19 70 61 61 61 61 79
79 49 79 79 79 79 79
79 79 70 1 1 11 1
1 1 1 79 49 49 49 79 79
79 79 79 76 76 79 79
76 76 50 79 79 79 52 79 79
79 79 79 79 70 79 79
79 79 79 79 79 79 79
79 40 67 79 79 70 79
79 79 79 79 79 79 70
79 79 79 79 79 79 79 79 79 79
79 79 79 79 79 79
79 79 79 79 79 79 79
79 79 79
79 79 79 79 79 79 79 79
79 79 79 71 79 79 79 79
76 79 79 49 79 79 79 79
79 79 79
79 79 79 79 79 79 79 79 79
79 79 70 79 79
49 49 79 79 71 71 71 79
79 79 52 79
79 52 79 79 79 79 79 79 79
79 79 79
79 79 79 79 79 79 79 52
52 79
79 79 70 61 61 61 61 61
70 79 79 79
79 79 79 79 79 79 79 79 79
79 79 79 79 79 79
79 79 79 79 79 71 79 79 79 79
79 79 71 52 79 79 79
63 63 70 70 72 79 79 79 79
79 79 79 79 79 80 79 79
79 79 79 79 79 79 79
79 79 79 79 79 79 79
79 79 71 71 70 70 70 79 71
52 79 79 79 79 79 79
79 79 79 79 79 79
79 79 79 79 79 79 79 79
79 79 79 70 40 43 61 31 70
61 79 79 79 79 79 79
79 79 79 79 79 79 79
79 79 79 79 79 79 79 79
79 71 71 79
79 79 79 79 79 79 79 79
71 63 63 63 63 71 70 70
71 79 79 79 79
79 79 79 80 79 79
79 79 40 63 63 63
62 70 52 79 79 79 79
79 79 70 61 61 70 70 70 62 70
79 49 49 49 76 49
71 79 79 79 79 79 79 79
79 79 79 79 79 79 79
79 79 79 79 79 71 79
79 71
70 79 79 79 79 79 79 79
79 79 79 79 79 79 79 79
49 40 43 43 62 62
70 62 70 79 71 71 61 70
70 70 70 70 70 70 70 79
79 79 79 79 79 79 79 79
79 79
79 79 79 79 79 79 79
79 79 79 79 79 79 79
79 79 79 79 79 79 79 79
80 80 79 52 -119 -89 -89 -89
-89 -89 -89 -89 -59 -59 1 19
79 79 79 79 79 79 79
79 79 79 79 70 79 79 79
79 79 79 79 79 79 79 79
79 79 79 79 79
79 52 79 79 79 79 79 79
79 79 79 79 79 79 79
79 79 79 79 79 79 79 0
0 0 0 0 0 0 0
-89 0 -149 -179 -179
-89 0 0 0 0 70 79
79 79 79 79 79 79 79
79 79 79 79 79 79
71 49 79 79 79
79 79 79 79
79 79 79 79 79 79 79 79 79
79 79
63 62 70 61 79 79 79 79 79
79 79 79 79 79 79 79
70 79 79 79 79 79
79 79 79 79 79 79 79
79 79 49 49 79 79 79 79 79 70
79 79
79 79 79 79 79 79 79 79
79 62 79 79 79 79
79 79 79 79 79 79 79
79 79 79 79 79 79 79
79 79
79 79 79 79 79 70 70 79
79 79 79 79 79 79 79 79
79 79 70 70 79 79 79
79 79 79
79 79 79 63 61 71 70 79 79
79 79 79 79 79
70 70 79 70 79 80 80
80 80 79 79 79 49 79 79 79
49 79 79 79 79 79 79 79
79 79 79 79 79 79 79 79 79
71 71 70 70 70 79 79
79 79 70 70 49 49 49
79 49 49 79 79 79 79 79
71 62 79
79 79 79 79 79 79 79 40
40 79 79 49 49
79 76 79 79 79 79 79 79
79 52 79 79 71 79 79
79 79 79 79 79 67 70
79 79 79 79 79 49
79 71 71 71 79
79 79 79 79 79 79 52 52
79 79 79 79 79 79 79 79
79 79 41 41
41 68 68 68 68 68 68 41
77 77 77 49
79 79 79 79 79 79 79 79 79
79 79 79 79 79 0
