70 67 70 70 70 40 41 41 41
71 71 71 68 67
67 67 67 67 71 49 49
49 49 41 41 41 41 40 40
64 67 70 70 70 49 49 41
71 71 71 71 71
0 0 10 49 49 41 41
44 71 71 71 49 49 49
49 76 76 70 70 70 67 67
41 41 71 71 71 71 71
41 40 40 41 41 41 23 22 26
26 53 53 41 41 71
71 71 71 71 71 71 71 71
49 76 76 77 71
79 41 41 41 49 49 49
40 41 41
49 49 40 40 40 41
41 79 79 79 79 49 49
49 49 70 49 49 49
40 40 40 68 68 67 67 67
67 70 68 68 40 40 40 40 40
40 67 40 49 49 52 52
52 52 49 67 67 70 71 49
49 49 49 52 67 49 49 49
49 41 41 41 41 49 49
40 64 67 67 67 67 67
37 37 37 40 67 67 41 49
49 49 50 76 68 41 41
70 70 67 70 79 79 79
79 79 70 50 50 50 50 41 40
67 67 49 49 49 49 49
50 50 50 50 50 67 67 67 49
49 76 49 52 52 43 40 41
40 79 50 50 50 50
49 49 49 49 49 40 68 76
68 77 77 77 77 77 77
69 77 77 76 76 76 77 69 69
68 77 77 77 76 79 79 70 79
49 49 49 49 49 49 49 49 52
79 79 49 52 52 49 49
49 49 49 40 40 49 49 49 49
49 49 49 49 49 49 49 49 49
49 49 79 76 49 49 49 49
49 49 67 49 40 40
40 49 49 49 52 79 79 79
79 79 49 50 77 77 76 76
76 76 40 40 40 40 40 41 41
41 49 49 52 79 79 49
0 0 0 0 0 0 0 0
0 0 0 0 0 0
0 0 0 0 0 0 0 0
0 77 77 77 77 77 76 40
40 40 40 40 40 40 49 49
52 52 52 52 52 52 52 79
79 79 79 79 79 52 43 43
43 52 52 50 50 77 77 77
77 80 50 49 79 76 76 76
76 76 49 49 49 76 76 79 79
52 52 52 52 43 52 43 52 43
52 52 52 79 76 79
52 52 49 49 40 40 68 70
67 43 67 49 49 49 40
41 41 41 49 50 50 50
49 49 49 49 49 49 49 49 49
49 49 49 49 49 49 52 49
49 52 52 52 40 41 41 41
40 49 49 49 49 49 49 49 41 41
41 49 41 41 41 40 40 40 67
40 71 71 71 41
40 40 70 70 70 70 70
79 79 79 79 79 79 71 67
67 70 70 40 70 37 37 37
67 67 70 67 67 70 70
41 41 68 41 79 76 76
79 76 76 76 76 49
49 79 79 76 79 79 49
49 49 49 49 49 49 49 40 49
49 49 49 40 40 40 50 50 50
50 42 42 42 40 40 40 52
49 49 49 49 49 49 49 49
49 49 49 49 49 49 76 77 78
40 40 40 49 76 67 68 40 40
40 70 41 41 41 68 67
40 70 70 40 41
70 40 40 40 40 40 40 40 40
40 40 40 0 0 0 0 0 0 0
0 0 0 0 0
0 0 0 40 49 49 49 49
70 70 40 40 40 43
71 70 70 40 40 43 40
40 40 40 40 40 40 70 70
70 70 67 40 40 40 40 40
70 70 40 41 49
49 49 49 40 40 40 40
40 40 40 40 40 40 40 40 40
40 40 40 40 40 40 40 40
40 40 40 40 71 70 43 71
71 40 40 40 40 40 41
44 71 71 44 44 44 41 40 40
70 70 70 43 41 71 71 71
40 41 41 44 44 71 71 71
40 40 40 43 70 43 43
43 43 43 40 40 43 43
43 43 43 70 70 70 70 70
70 70 52 52 71 70 70 70 71
71 71 70 25 25 25 52 79
70 70 70 70 70 79
71 71 71 71 71 40 41
40 40 40 40 40
40 40 40 40
40 40 40 71 71 71 41 41
71 71 71 71 71 71 71 41
41 71 71 79 79 79 79
41 71 71 41 71 71 68 41
41 41 41 41 49 49 79
70 70 70 70 70 43 49 49
49 49 40 40 40 40 68
70 49 73 73 76 76 70
79 67 67 67 67 67
64 67 67 67 67 67 67
41 41 41 68 40 49 49 49
49 49 49 49 40 10 37
40 50 50 50 50 46 49 64
67 64 73 73 73 67 67 67
67 67 67 67 70 67 67 64
73 73 67 67 67 67 40
41 41 41 41 40 41
44 68 44 43 67 67
67 67 67 67 67
67 64 67 37 40
40 40 49 49 49 49 79 43
43 43 41 41 41 41 68
41 41 41 41 67 67
67 67 67 67 67 67 64
67 40 41 41 41 71 71
41 41 41 71 71 71 71
71 71 71 41 41 71 71 79
79 79 79 76 71 70 70 71
71 71 71 71 79
79 79 79 79 79 71
71 76 79 79 73 76 79
76 79 79 73 73
76 76 76 79 79
79 79 79 79 79 70 41 40
68 71 71 71 71 79 79
79 79 52 52
49 40 40 79 71 71
71 71 68 67 67 71
71 41 23 23 23 23 23 23
53 41 41 44 71 41 71 71
67 67 71 70
41 41 41 71 44 71 41 41
41 41 71 67 67 40 70 70
79 79 79 79 41 41 40 40
67 67 40 40 40 40
40 40 40 40 40 37 67
67 67 67 40 40 40 76 67
67 67 67 40 40 40 40 41
41 41 40 40 40 40 67 67
67 67 67 67 67 67 67
79 79 70 67 64 64 67 67
67 67 67 67 67 67
70 67 40 49 67 40 41
41 41 40 49 76 76 73 73 73
76 76 76 76 76 76 76 76
76 73 67 64 67 67 67 67
49 40 40 40 40 40 67 67
43 43 26 25 52 71 71
71 41 41 40 40 40 40
40 67 67 40 40 40 79
52 43 43 40 40 40 40 40
40 52 52 77 80 53 53 49 49
52 52 52 52 79 79 52
52 76 67 76 52 52 25 22 25
40 49 49 49 70 71 70 70
67 67 67 67 40 40 40 67 67
67 67 67 52 79 79 79 79
52 44 43 43 40 40 40 40
40 40 41 41 41 41 41 41
41 41 41 41 68 68 68
68 68 68 68 68 68 40 40 41
41 41 41 41 44 40 76 76
49 49 49 67 67 67 67 67 67
67 67 67 67 40 40 40 40
67 41 40 40 40 40 67
67 67 70 79 70 70 67 41
50 52 52 76 76 49
49 67 67 67 67 67 68 53
52 43 43 70 70 70 70 70 67 40
70 70 43 43 70 70 43
43 43 43 43 70 70 70 70 70
43 43 43 52 52 43 43
70 67 40 40 40 67 67
67 67 67 67 71 71
71 49 41 71 71
40 52 52 43 40 67 49 40 70
70 70 40 40 71 70 70 70
70 70 70 70 79 79 79 70 70 79
80 71 71 71 80 79 79 50
50 79 79 79 79 41 40 49 49
49 49 76 67 71 68 41 41 41
41 41 41 41 41 67 67 67 67
67 67 70 67 67 67 70 70 67 67
67 67 67 67 40 40 49 19
19 49 49 19 19 49 49 49
49 49 49 49 67 50 77 50 50 41
67 67 40 40 40 67 49
49 49 80 80 53 26 26
26 26 26 26 26 26 26 53 53
50 23 50 53 26 80 53
49 22 49 73 73 73 64
73 73 73 73 73 73 64 64 73
73 73 73 76 79 76 76 79
79 79 79 79 79 76 76 76 76
76 76 76 76 76 67 20
21 20 22 19 12
12 12 12 76
76 76 79 79 79 76 76 73
73 73 73 73 73 76 76
76 76 76 73 76 76 76 67 40
59 59 59 58 67 70 67 40
49 43 43 49 49 49 49 49 49 49
76 79 76 49 76 76
76 67 67 46
46 46 46 50 50 50 67 67
67 40 40 40 67 67 67 68 68
41 41 41 41 41 41 41 68 68 67
67 67 67 67 67 70 70 70 70
70 37 40 40 40 49 49 49 49 49
49 49 49 49 49 49 49 49 41
41 41 41 41 41 41 41 40
43 43 40 40 40 40 67
40 40 40 40 40 64 67 67 67
67 71 70 79 79 79 0
49 40 44 40 40 40 41 41 41
41 40 49 49 49 49 49 49 49
49 76 79 76 49 49 49 40 40
71 71 71 40 40 40 40 40
40 40 41 41 40 41 40 40
49 49 49 49 40 40 40 40
43 70 40 40 70 70 70
70 70 70 43 40 40 40 70 40 40
40 40 41 70 70 71 71 41 43
40 71 40 40 41 44 71 71 71
40 40 40 40 71 71 49
41 41 41 41 71
67 67 67 70 70 70 70
70 49 70 40 79 79 40 70
68 68 40 40 40 67 70 70
70 70 70 67 40 40 40
70 70 70 70 40 40
43 70 71 67 67 67 67
67 67 67 67 40 40 49 49
40 43 40 40 40 40 40 70
70 70 70 70 70 70 70 49
70 70 70 70 70 70 70
70 70 79 79 79 79 76 49 49
19 40 40 31 70 70 19 19
19 19 49 49 49 49 19
19 19 19 19 19 79 71
71 67 67 67 67 67 64 64 64 70
70 70 70 70 70 49 40 40 43 50 50
50 50 50 53 53 53 67 67 67
67 73 73 76 67 67
76 76 73 73 73 73 73
76 76 76 67 46 46 46
40 49 76 79 49 50 50 50 51
51 51 50 73 49 49
49 40 68 68 76 76 76
76 67 67 76 76 76
76 76 76 50 54 50 50 50 50
50 50 46 49 49 49
47 46 46 46 46 0 0 0 0 0
0 0 0 0 0 0
0 0 0 0 0 0 0
0 0 0 40 40
40 40 67 67 76 76 76 41
50 50 49 50 50 50 51 54
50 77 49 37
67 67 67 76 76 49 53 50
49 40 50 50 37 41
73 73 73 64 64 64 64 64
64 64 64 64 64 64 64
64 64 64 67 76 73 73 73 67
67 64 64 64 64 64 64 64 64
64 64 64 64 64 64
64 64 64 37 13 13 13 40 31
40 40 40 40 40 41 40
40 40 49 49 49 41 41
40 41 41 41 41
49 49 68 68 43 68 68 68
68 68 68 64 65 64
64 68 68 41 41 40 49
49 41 44 53 49 53
76 53 50 71 71 71
71 40 49 49 40 49 52 79 70
67 68 71 71 71 71 64
64 67 64 67 70 70 79 52
49 52 79 68 68 68 41
71 71 67 67 64 67 67 67 50
41 41 41 41 71 71
41 49 49 49 67 40
41 41 44 71 71 71 71 41 49
49 79 67 67 41 41 71
41 41 41 41 65 68 68
41 41 41 41 41 41 68
68 67 67 64 67 67
67 67 67 71 71 71 71
71 71 71 0 0 0
