71 79 79 79 70 67 73
73 73 73
73 76 71 41 41 80
80 76 76 71 67 71 71 49 52
52 52 79 79
41 68 67 40 68 41 41
71 71 71 71
67 0 0
0 0 19 49 71 71 71
71 71 71 71 71 71 68
67 68 68 68 71 70 79 79
71 68 70 79 68 68
41 41 41 41 41 71 68 68 68 71
71 71 71 71 71 71 71 71
68 68 68 41 71 41 38 41
50 71 71 71 71 71 71 71
71 71 71
71 71 71 71 71
71 71 71 50 50 50 41
41 41 68
68 71 71 71 71 43 53 41
68 71
71 79 52 76 43 41 41
41 41 71 71 71 71
71 71 71 71 71 71 71 71 41
40 40 41 71 71 79 52 52
49 41 41 68
71 68 68 68 68 41 71 71
71 71
71 71 71 71 71 71 68 68 41
71 71 71 71 71 71
64 67 67 68 68 68 68 71
71 71 68 68 68 41 41 71
71 71
49 49 49 49 49 40
50 40 40 50 49
41 71 71 71 71 71 71
71 71 71
68 68 68 72 71 71 71 71
72 72 71 71 71 71 71 71 71
72 72 72 72 72 68 71
41 41 41 71 71 71
49 52 52 41 71 71 71 71
71 71 71 71 71
67 68 68 71 71 71 71 71 71
71 77 77 77 77 77 77
77 77 76 77 77 77 77 77
80 53 53 26 26 26
26 53
71 71 71 71 71
41 41 41 40 40 70 40 40 71 71
71 40 40 58
61 70 67 71 71 40 40 40
40 40 40 70 67 41
41 71 71 71 71 71 71
71 49 49 41 71 71 71
71 71 71 71 71
71 71
71 49 49 71 71 79 49
79 79 79 79 41
67 67 67 67 40 70
70 70 70 70 70 79 79 79
79 80 44 71 68
71 71 71 71 71 80 68
71 44 80 71 71 71 80
71 71 71 71 41 50 44
52 52 40 41
41 40 40 70 71 71 71
71 80 50 77 77 68 68
40 70 40 70
71 41 41 71 77 41 41
71 71 71 71 71
67 50 50 50 50 43 52 79
52 49 49 49 79 79 52
52 49 49 79 79 71 71 41
71 71 71 71 70
70 67
67 40 49 49 79 79 71
71 71 71 71 40 79 79 79
71 71 71
41 41 41 41 41 41 40 40 40
40 49 50 50 50
50 71
50 77 77 80 71 77 80
80 71 71 71 71 77
80 80 80 80 80 80
71 80 49 40 70
50 80 71 50 50 50 50
50 50
49 40 40 49 79 49 50
53 50 79
40 70 70 49 71 71 80 50 41
41 44 68 68 71 71
50 50 49 49 49 49 49 49
79 52 52 49 43 52
49 53 79 80 50 50 80
80 80 80 80 80 77 77 40
70 40 40 70 70
70 71 71 71 71 50 49
52 70 49 49 50 50 77
50 50 80 80 80 71 71
50 50 70 70 70 71
71 77 50 50 53 50
68 68 71 71 71 71 41 41 41
41 41 50 51 51
50 70 70 70 40 40 43
71 68
68 41 41 41 79 52 49 49
43 40 68 71
71 68 41 41 41 50 50 50
50 41
41 40 40 67 67 67 67
67 67 67 70 71 71
71 50 50 40 41 68 71
71 71 71 71
68 50 50 41 41 41 41 41 41 41
41 40 40 40 40 40 40 40 40
40 40
40 40 40 40 41 41 41
41 41 41 41 41 41 41
41 49 76 76 70
43 70 40 40 70 70 70 70 70 67
40 67 70 40 40 40 40
67 49 49 76 76
67 70 70
70 70 70 70 70 70 70
70 76 76 70 70 70 67 67
67 67 67 79 70 70 70
40 40 70 40 67 67 67
40 70 70
70 70 67 67 70 70 70 70
70 70
40 40 76 76 67 67 70
70 67 67 67 71 71
50 41 41 71 71 71 71
71 71 41 40 70 70 68
41 41 41 71 71
71 41 52 80 50 44
71 41
68 68 40 50 68 71
68 68 68 71 71 71 68
32 41 71 71 71 71
71 71 71 71 71 71 71 71
71 71 71 71 41
41 71 71
71 71 79 52 52 49 40
70 70 70 70 70 40 70 70
70 67 70 70 71 68 71 71
71 71
50 50 50 50 50 41 53 80 80
53 50 80 80 80 53 50 50
80 80 49 79
79 79 41 41 40 58 70
40 70 50 80 41 41
41 41 71 71 71 68 67
67 67 71
68 41 41 41 41 41 41 40
43 70 40
41 44 40 41 41 41 50 50 50
40 40 70 50 50 50 50 50
50 77 77 71
71 40 40 70 70 70 43
40 40
70 70 68 71 71 71
41 41 71 71 71
71 50 80 50 50
80 80 67 70 70 77 77
77 80 80 77 77 77 80
71 71 71
50 50 50 50 68 80 80 50 50
68 68
71 50 41 68 50 50 80
70 70 70 67 67 67 64
64 67 67 67 67 67 77 41
50 50 50 50 50 50 80 50 50
50 50
53 50 49 50 50 41 41 41 40
40 70 40 49 49 49 49 68 68
67 67 67 67 67 67
67 70 67 67 70 43 40 50
50 50
53 50 40 43 71 71
71 40 40 40 67
67 67 40 40 40 40 70 70
70 67 64 67
67 50 51 50 80 50
51 51 51 78 68
80 80 80 80 80 68 68 71 71
71 71 71 68 68
71 70 71 71 68
70 70 70 50 71 71
50 53 50 50 41 41 40
67 40 40 40 40 40 32
58 70 49 50 50 50 50 50
50 50
50 50 50 50 41 68
68 50 50 50 50 50 71 71
71 71 50 80 80 40 43
41 68 71 71
41 70 70 70 40 77 71
71 68 70 70 70 50 80
80 50 50 50 41 71 71
67 67 67
67 67 67 49 68 68 71 71
41 41 40 79 79 79
79 79 67 67 67 62 62
71 71 43 40 49 49
49 41 79 71 70 79 79
79 79 79 79 80 71 77 41 50
53 53 71 50 50
80 41 71 68 71 71 71
71 70 70 70 71 41 41 71
71 71 71 71 70 71 71 71
71 71 80 80 80 77 71 71 77
50 41 71
71 71 40 50 50 40 67
70 70 70 70 71
53 26 26 26 26 71
71 71 50 50 80 80
50 72 63 63 77 50
71 77 40 40 40 40
43 40 40 70 70 70 70 70
67 64 64 64
64 64 64 64 71 68 71 71 71
71 79 79 64 64
64 67 67 67 67 67 67 71 71
71 71 67
76 68 71 71 71 71
71 70 71 71 71 71
71 71 70 70
49 49 49 40 40 40 40
67 41 40 67 43 70
49 49 79 79 79 76
67 67 67 67
71 71 71 71 52 79 79 79
79 76
70 50 50 70 71
71 71 79 67 67 67 67
70 76 76 73 73 64
73 73 73 41 49 49 49
50 41 77 40 68 68 71
71 71 71 79 79 79 79 79 80
80 71 79 79 79
41 40 70 70 43 43 44
71 71 71 40 76 67
67 67 67 67 67 67 64 67
67 67 67 67 67 68
71 68 79 79 79 79
79 70 76 49 49
40 67 67 70 50 50 50
70 70 79 71
79 79 71 71 71
71 49 49 49 71
76 79 79
40 40 43 40 40 40
40 67 67 67
61 61 70 50 53 53
50 67 67 67 67
67 67 67 67 67 67
67 67 67 67 67 67
70 71
50 50 72 71 71 71
41 50 50 71 80 80 80
78 78 77 77 42 42 81
78 50 41 71 71 71 71
79 79 79 79 79 76 71
71 71 76 80
80 80 68 68 71 71 79 79
41 71 71 71 71 71 71
67 67 67 67 67 71 71 71 71
71 71 71 71 71 71 71
71 71 71 71
41 40 40 41 41 40 40 40
50 43 43 43 43 40
41 41 41 41 50 40 40 40 40
49 49 49 40 40 40 40
67 68 41 41 71
71 64 67 67 68 68 71 71 71
71 67 67 71 71 71
71 71 71 71 71 71 71
71 71 71 71 40
40 44 44 44 71 71 71 44 70
40 40 40 40 40 40 40
40 40 40 40
67 67 67 67 67 67 67 67 67
67 67 67 67 67 67 67 67 71 71
68 71 71 71 71 68 68
68 68 41 71 71 71 71
68 67
67 67 67 70 76
77 77 77 77 76
41 41 41 41 41 41 41 40
40 40 40 40 40 40 40 40 40
40 40 40
41 41 41 40 40 40 40
40 40 40 40 40 40 40
40 40 40 40 40 40 40
40 40 43 41 71
71 71 71 68 68 68 68
68 68 68 71 68 68
68 68 68
67 67 67 67 68 68 68
68 68
68 68 68 68 68
68 71 71 71 71 71
40 40 40 40 43 71 71
71 71 71 71
71 71 71 50 53 80 80 71
80 50 50 77 72 72 72 72
81 80 71 71 50 50 40
40 40 67 41 49 79
70 41 71 41 68 68
68 68 68 71 71 50
50 40 67 67 70 71
41 49
76 79 79 79 79 68 68 71
71 71 71 71 71 71 71 71 71 71
71 71 71 71 71 71
71 79
50 71 71 49 49 79
49 71
71 71 71 71 71 71 68
68 67 70
70 67 67 67 67 67
67 68 71 71 71 71 71 71 68
68 71 71 71 71 71
71 71 77 80 71 71
71 71 68 40 40 40
40 40 40 40 40 49 49 49 49
49 41 41 53 26 26 26 26 26 26
53 71 64 64 40 41 41
68 40 49 50 50 50 50 50
49 49 76 79 76 49 49 49
49 49 52 50 53
68 68 68 68 68 68 68 71
70 70 70 70 49 49 49
80 71 71 71 68 68
68 68 41 68 67 67 67 68
71 71 71 71 71 71
71 71
71 71 71 76 76 77 71
41 64
64 64 64 64 71 49 49
49 50 41 41 41 41 40 76 76
76 70 70 79 68 41 68 40
50 40 40 37 41 41
41 41 41 41 41 50 50
50 41 71 71 71 71 71 71
40 40 70 79 49 77 68 68
68 68 68 67 71
71 71 71 68 77 71 71 71
71 79 52 71
71 71 71 71 71 71 49 49
49 49 49 49 49
70 70 71 71 71 71 71
71 80 80 77 80
68 71 71 71 71 41 41 40
68 41 41 70
70 70 70 70 71 71
79 79 79 79 79 68
71 71 71 71 71 71 71 68 68
68 71 71
71 41 41 41 41 40 40
31 40 53 53 53 53 53
50 53 53 41 41 41
41 40 50
51 51 51 51 51 51 51 51
51 49 76 76 76 76 67
70 67 67 67 67 70 67 67
71 71 70 70 70 70
67 71 71 71 71 68 40 40
43 43 70 70 50 50 50 80 80
50 40
70 70 40 79 70 70
70 70 70
70 43 43 43 53 80 53 53
50 50 53 53 51 69 72
72 67
67 67 67 67 67 40 41 71
71 71 41 41 50 49 79 49 50
80 50 41 41 41 68 41 49
76 76 49 49 49 79 52 79 79
79 79 71 68
68 68 71 71 71 71 71 68
71 71 71 68 77 50
50 50 53 53 71
71 71 77
71 71 71 80 68 68 71 68
71 68 77 50 77
77 50 50 50 50 50
50 50
50 50 50 50 50 50 50 50
44 71 71 71
71 71 71 71 71
41 43 43 80 53 50 50 50 41
41 41 41 71 50
77 41 71 71 50 79 79 71 71
80 80 50 50
50 80 80 80 80 80 80 50
77 80 80
79 53 53 53 53 53 50 40 40
40 40 40 40 68 68 68
49 49 49 49 49 49 79 71 71
71 71 71 71 71 77 50
53 53 53 77 77 69 77
51 71 71 71 71 71 71
50 50 50 53 50 50 50 50
71 71 71 71 71 80 50 50
50 51 50 80 53 77
77 68 69 68 68 68 71
77 77 41 41 41 68 41 68
68 41 77 40
43 43 52 80 80 67 67 67 67
40 49
49 49 49 49 49 49 49
49 49 49 49 49
71 68 68 68 71 68 71
71 71 71 41 41 41 50
80 80 50
40 80 80 43 49 76 76
49 49 79 52 52 80 70 70
71 71
43 80 70 43 79 79 80 71 80
80 80 80 80 80 80 53 53
53 80
80 77 41 71 71 71 71
71 71 71 71 71 71 67 67
70 70 70 70
70 52 79 79 79 79 79
71 71 71 67 70 70 67
70 71 71 71 80 80
71 71 80 67 67 67 40
80 80 80 80 77 77 41
68 71 41
43 43 49 80 80 77
64 64 64
64 64 64 64 64
50 77
72 71 71 68 80 80 80
80 64 64 64 64 64 64 64
73 73 73 73 64 64
76 76 76 40
40 67 40 40 40 41 50
80 80 80 77 73
73 73 73 73 73 73 73
73 73 73 73 73 73 73
73 50
50 80 80 50 50 80 80 80
80 80 53
80 80 80 80 77 67 70 71
71 71 71 41 49 49 49 49
49 70 70 40 40 70
70 40 79 79 79 52 46
19 19 19 19 19
19 19 19 49 49 49 49
46 46 46 46
41 71 41 52 71 71 71 71
71 50 50
50 72 72 72 80 80 80
67 67 50 71 71 71
71 71 71 68 41
41 41 41 41 41 67 68
68 71 71 71 50
50 50 80 80 80 80 53 72
71 71 41 71 71
71 71 71 71 71 71 71 41
41 50 80 80 80 79
52 49 49 49 52 41 68 71 71 71
71 49 49 79 79 79 79 79
41 41 41 41 41 71 71 71
71 71 71 71 71 71 71 68
41 53 53 77
77 68 71 71 71 71 71 40
70 70 50 50 80 80 80 50 52
52 52
76 40 71 71 71 71 71 71
67 67 41 68 71 71 71 71
71 71
71 71 71 71 71 80 71 50
50 50 50 80 80 80 43
49 41 71 71 71 40
40 49 49 53 50 50
77 71 68 68 77 77 77 77
71 71 50 49
49 79 79 79 50 53 53 50
50 71 52 52 71
71 71 71 71 71 71 71
40 41
50 50 50 68 40 40 70 40 67 71
71 71 71 50 50 50 77
80 80 80 68 77 77 77 68 71
71 71 71 68
68 67 67 77 68 68
68 68 68 71 71 80 80
77 77
68 71 68 77 42 77 77 77
77 77 71
71 40 40 67 67 67 67 40 40
79 79 79 49 49 49 79
52 49 79 79 79 49
70 70 70 70 49 41 71 68 67
67 68
67 67 67 67 67 67 67 67 49
49 49
80 80 50 41 41 49 49 52 49
49 52 52 49 50 50 50
50 50 50 50 77 77 69 71
67 71 50 49 49
49 76 49 49 71 80 80
50 50 50 40 70 71 68
50 50 50 50 51
78 78 72 78 78 78 78 71 71
71 50 50 50
79 49 52 52 52 49 70 70 70
70 70 70 70 70 70 52 52
50 71 71 71 71 71 71 71 71
71 71 71 71 71 77 80 71
80 80 71 77 50 80
80 53 53 50 50 72 80
71 71 77 67 67 67 76 73 73 73
40 67 67 70 41 41 41 41
41 41 71 71
71 67 70 70 70 70 70 70
71 80 77 77 72 71
71 71 50 80 71 71 71 71
71 71 71 71 71 71 71
50 71 50 50 50
50 70 40 49 49 49 67
77 77 67 68 71 71
71 71 68 41 40 40
50 50 50 50 50 81 72
41 71 71 71 52 52 52 52
49 49 49 49 49 49 49
49 49 49 49 49 49 49
49 49 49 71 71 71 71 67
67 67 67 70
70 67 67 40 68 71 68 76
68 68 76 76 52
49 49 79 79 52 52 52 49
41 68
71 71 71 71 70 70 70 71
71 71 71 71
68 71 71 71 71 71 71 71
71 71 41 41 71
71 71 71 71 71 71 71 71
71 71 41 49 49 49
77 77 71 71 49 79 79 79
49 49 71 71
71 71 71 71 71 40 70
40 40 70 80 80 80 80
77 77 68 71 71 71 71 71
71 71 49 52 49 71 71 71 71
71 71 71 71 70 79 76 79
76 73 64 64 67 67 71
71 71 71 71 71 71 71 53
53 53
53 53 53 71 71 71 71 71 71
71 71 71 71 70 79 79
76 79
79 79 79 79 79 79 79 0 0
0 0
