80 50 41 71 71 71
71 71 71 80 71 71 71 71
71 71 71 71
71 71 71 71 71 0 0
0 0 0 1 41 71 71
71 71 71 71 68 68 68
68 68 69 72 72 72 72 72
72 72 72 72 72 72
68 41 41 41 41 41 41 68 41 41
70 70 71 70 70 70 70 71
41 41 68 68 68 67
67 68 68 68 70 70 41
71 80 80 71 71 70 68
68 41 71 71 41 41
68 68 40 43 40 40 40 49 43
43 80 80 80 43 43 41
71 71
49 49 49 79 41 41 71 71
71 71 67
64 68 67 67 64 67 65 64 67
67 68 41
41 41 71 71 71 71 71 71 71 71
41 50 49 49 49
49 49 50 41 41 49
41 50 50 41 41 50 50
50 49 49
49 49 50 41 41 41 41 41
41 41 41 71
44 44 41 41 41 41 41
41 41 41 49 40 43 79
41 44
44 44 41 41 41 40 70 41 71
71 71 71 71 71 71 71 71 71
71 41 50 80 80 80 50
80 80 80 71 77 77 79
79 79 79 79
71 71 71 71 71 71 41
49 49 49 76 76 76 67 67 67 67
67 76 49 76 71 71 71
41 41 41 40 73 73 46
49 76
67 76 67 67 67 71 41 50
50 49 40 40 49
50 41 49 49 49 49 49
50 49 79 80
50 50 51 69 77
71 80 77 40 40 40
40 40 40
41 41 41 49 49 52 52 49
79 79 71
49 49 49 49 49 41 41 41
71 71 71 71 71 71 71
71 71 71 71 71 79 52 41
41 41 41 41 41 41 41 71
41 71 71 71 71 71
71 71 71 71 68 41 40
67 67 70 70 67 67 70
70 70 67 40 67 67 49 49
49 49 49 49 49
71 71 71 71 71 71 71 71
71 71
49 49 41 41 41 41 37 37
37 37 40
67 76 76 41 41 50
50 50 50 49 49 67 67
67 64 64 64 64 67 67
64 64 67 67 67 40 41
50 50 50 49 49 40 40 40 40
50 50 50 50 50 50 51
50 50 50 50 71 71
41 50 49 52 53 53 68
41 53 80 80 71 71
50 50 50 50 50
50 50 50 53 80 53 50 50
50 50 50 50 50 50 81 80
51 50 50 40 40 40 40
71 41
71 71 71 71 71 71
71 41 71 71 41 53
53 53 53 80 44 41
40 40 40 43 43 41 41
67 67 64 73 64 64 73
44 41 41 41 40 40 40
67 40 40 40 40 40 40
67 67 67 40 37 40 67
41 71 71
41 40 41 41 41 41 41 41
40 40
40 49 50 50 50 49
40 40
40 50 41 71 50 50 50
80 50 50 50 80 80 53 53 50
50 50 50 80 49 49 49 76
76 49 49 49 49 40 40 40
40 41 71
71 71 71 71 41 70 70 71
71 68 70 71 71 71
71 71 71 71 71 71 71 71
68 41 44 41 41 71 71 71
71 71 71
50 49 49 40 40 43
43 43 43 40 49 76 49 49
68 68 67 67 67 40 67
49 76 76 49 49 49 49
49 49 40 40 40 41 41
49 49 49 52 79 79 67
41 71 71 71 71 71 71
40 49 50 70 79 79
49 80 80 80 50 50 49
79 79
76 76 76 76 41 44
79 79 79
50 50 49 49 79 79
79 49 49 41 41 41 71 71 71
53 53 50 50 71 71 71
50 50 50 53
50 50 50 50 41 41 50 50 41 41
49 49 49 49 49 49 49
79 80 41 41 44 71 50 49
49 49
79 79 71 71 71 71 71
71 71 71 71 71 71 71
71 71 71 71 71 71
71 71 71 71 71 71 41 41
71 71 71 71
68 50 50 50 41 41 49
49 49 49 49 50 80
71 71 71 71 41 49 49 67
67 41 41 70
71 41 71 68 68 67 67 44
79 79 79 50 41 40 40 40
50 50 80 53 71 44
49 49 49 49 49
49 49 49 41 41
50 50 50 50 50 41 50
40 40 40 40
40 40 41 41 49
49 79 79 40
70 50 68 71 41 50 71
71 71 71 41 68 67
50 50 50 50 49 49 49
49 49
49 49 49 20 50 50 49
49 49
20 24 51 51 50 50 50 50
49 49 49 49
47 48 48 51 77 71 71 44
41 41
50 49 49 49 49 49
50 20 20 20 50 50 50
50 50 50 50 50 50 47 38
50 50 50 41 40 40
50 49 49
49 40 40 40 40 40 41 41
41 41 40 67 67 67 67
40 49 50 50 50 50 50 50 50
68 77 68 68
50 50 68 40 50 50
49 40 50 50
40 40 40 49
49 68 67 67 67 67 67 67 67
67 67 67 67 40 13
40 40 40
40 40 67 67 67 40 67
40 40 49
40 40 40 71 71
40 50 50 50 50 50 50 50
50 50 50
50 50 50 40 40 40 50 77
50 50 50
50 50 77 77 50 50
26 26 26 26 26 53
71 67 64 64
64 67 64 64 64 64 67 67
67 40
40 40 67 76 67 76 73
76 76 76 77 50 50 50 50 53
50 50 50
50 50 50 50 50 20 20 20 20
20 50 50 50 50 50
50 50 50 50 50 50 49 49 49
49 19 20 20 20 20 20 50
50 50 46 46 37
37 37 37 37 37 37 37 37
37 37 40 40 71 71
40 40 40 40 40 49 49 49 52 52
52 49 49 49 49 43 41
41 41 49
49 49 49 49 49 49 49 67
40 40 77 77 68 71 52
52 79 79 71 71 71 41 41
40 49
49 49 49 49 71 71 44 41 44
44 41 44 41 49 76 49 70
70 71 71 44 79 79 70
70 70
50 77 80 80 67 67 67 67
67 67 67 76 76 76 67 40
41 41 41 49 49 49
49 49
40 40 49 67 40 49 49 79 43
71 71 67 67 67
49 79 49 49 49 49 49 49
49 50 80 53 80 71
71 79 71 71 71 71 71
71 71 71
71 71 71 49 49 49 50 50
50 50 50
41 41 40 40 40 67 67 41
41 49 49 49 49
40 50 50 50 50 50 50 50
41 50
49 49 49 49 49 49 49 49 49
49 49 49 49
49 49 49 49 49 49 50 50 50
50 50 49 49 49 49 49 50
50 50 50 53 53 53 53 53 50
50 50 50 50
50 50 50 50 50 50 49 49 41
41 41 41 41 41 71 50 50 50
50 50 50 50 50 49 40
40 40 49
50 50 50 80 80 50 50
49 49 40 43 40 41 41
41 71 71 71 71 67 40
67 67 68 41 41 71 71 71
68 68 68 68 68 41 71 71 49
49 40 43 40 40 40
40 40 40 40 40 43 43 43
43 40 37
40 40 40 41 41 41
49 49 49 49 49 49
76 76 76 77 77 41 41 44
71 44 41 41 41 41
49 49 49 49 49 49 49 49 79
76 76 41 41 41 71 71 71 71
49 49 49 22 22 22 49 49
49 52 53 80 68 68 71 77
68 68 68 38 37 37 37 68
77 50 50 71 71 71 71 71 71
71 71 71
71 49 49 49 41 41
41 68 71 71 71 71 71 71 71
71 0 0
