71 71 71 71 71 71 71 71
71 71 80 80 80 81 81
81 0 0 37 37 71 71 71
71 71 71 71 71 71 71
68 71 71 71 71
71 71 71 71 71
41 41 41 71 71 71 71
71 71 41
71 71 71 71 71 71
71 71 71 71 71 71 71 71
71 68 68 68 68 68 68 41 41
41 41 41 41 41
41 41 41 41 41 41 41 41 41
41 41 41 41
41 71 41 41 41 71 71
71 0 0
0 0 0 49 49 41 71
71 71 71 71 67 64 64
64 68 68 71 71 71 71 68
68 68 71 71 71 71
77 50 41 77 77 77 41 41 68 68
77 77 77 68 68 71 68
41 41 41 68 68 68 68 65
65 65 69 69 68 68 65 77
41 41 71
71 71 71 71 71
71 71 71
71 41 49 49 50 41 41 41 41 41
71 71 71 71 49
49 41 41 41 41 49 49 49
49 41 41 41 71
71 71 71 71 71 71 71 71
41 41 41 41 41 41 71 44 71
71 71 71
71 71 49 49 49 49 49
41 41 41 41 41 41 49
49 49 77 77 77 77 77
77 77
77 77 77 77 77 77 77 77
76 77 77 77 77 77
77 77 77 77 77 77 41
41 41 41
49 41 71 71 71 71
71 71
71 79 79 71 71 71 71
71 71 68 42
49 49 41 41 41
71 71
68 68 68 68 68 71
71 68 71 71 71 71 71
71 71 71
71 71 50 49 49 49 49
49 49 49 19 49 49
40 40 40 40 40 40 40
52 53 53
49 76 79 49 40 71 71
71 71 71 71 71 71
68 68 67 41 41 41
41 50 50 49 52 49 49
79 67
41 41 41 41 41 71 71 71
71 68 67 70 70 67
68 67 67 67 68
68 68 68 68 68 68 68
68 41 41 41 41
71 71 71 71 71 71 71 68 67
67 67
68 71 67 67 70 70 70
70 68 68 67 71 70 71
71 71 71 71 71 71
71 71 71 71 71 71
71 71
49 49 41 41 71 71 40
40 40 40 67 67 67
68 68 68 68 68 68 67 71
71 71 71 79
50 52 67 41 41 41 71
71 71 71 71 71 71 71
71 52 52 52 79 79 67
64 64 64
71 71 71 71 71 71 71
71 67 68 71 71 71 71
62 35 44 26 26 71 71 71 71
71 71 49 49 49 41 41 49
49 49
68 41 41 71 71 71 71 71
71 71 68 70 70 70 67
67 68 71 71 71 71 71
81 51 54 44 44 44 53 54
27 36
36 45 44 71 44 44 44
44 45 72 35 44 26 44 71
80 80 71
77 41 41 41 41 41 41 41 41
41 71 71 41 71 41
41 71 80 26 50 53 80
26 44 44 71 71 71 44 44 71
71 44
44 71 44 44 70 71 71 71
35 35 44 25 25 43 71 71 71
49 49 49 49 41 76 76 76
76 68 41 41 41
70 70 40 40 67 41
71 71 71 71 71 70
67 64 41
41 41 41 50 50
41 41 51 51 49 80
80 80 50 76 67 67 67 68 67
49 49 49 49 41 41 49 41 71
71 71 68 67 70 67 40 40 41
41 41 41 71 71 79 79
79 79
50 41 41 71 71 71 71 71 71 71
71 41 41 41 41 41 71 71
71 71 71 71 71 71 71 71 71 69
67 67 67 67 68 41 68 68
64 37 38 41 41 71 71 71 71
71 71 71 71 71 71 71 71
71 71 67 64 64 71 71
71 71 71 71 49 49 49 41 49 49
49 49 49 49
49 49 49 49 49 41 71 71
71 71 71 71 41 71 71
71 71 49 49 41 41 41 41
41 40 40 70 67 68
41 41 41 41 71 44
40 43 67 67 67
41 79 79 79 79 79 77 77
50 41 41 41
41 41 41 40 40 40 40 40 40
40 40 40 40 40 40 40
40 40 40 67 70 67 41
40 40 67 67 67
40 40 67 67 68 68 71
71 68 68 67 67 67
67 67 67 41
70 43 40 40 43 40 40
40 40 40
49 49 49 70 79 79 79
79 79 79 49
49 76 79 49 41 41 76 41
71 71 41
49 79 79 41 71 41 71 71
71 67
67 67 68 68 64 64
67 64 67 67 67 67 67 64
67 67 67 67 67
41 41 71 53 53 53 53 53
44 53 53 44 53 53
44 44
50 50 50 50 50 64 64 64
67 67 67 67 67
67 40
41 71 71 71 71 49
70 71 71 40 40 40 40
40 40 40 41
41 71 71 41 41 0 0 0 0
0 0 0 0 0
0 0 0 0 0 0 0 0 0 0
0 0 77 77 79 71 76 79 77
77 77 77 80 77 77 77
77 77 77 41 41 41 41 41
71 71 41 79 49 49 41 67 41 41
41 41 41 71 71 71 70
49 50 50 50 50 50
50 40 40 68 68 52 49 49
40 40 71 71 71 71 67 64
64 67
67 67 68 67 70 70 70
70 68 68 77
69 78 77 68 68 49 49
68 41 41 43 71 71 71 71
68 64 64 64 67 67 67 67 67
41 41 41 41 49 40 40 50 80
41 49 49
49 49 49 49 67 71 71
41 71
71 71 40 40 40 40 40
43 40 40 40 70 40 70 70 71 71
71 71 80 80 50 50 50
80 80 80 77
77 77 77 80 80 77 77 77
77 77 77 77
77 77 77 77 77 77 77 73
73 76 73
76 76 73 76 50 50 50 50
50 50 53 73
41 71 71 71 71 71 68 67
67 68 68 68 65 68 68 68 68
68 71 71 71 71 71 71
71 71 71 71 68
71 71 71 71 71 68 68 41
71 71 71 71 71 68
68 68 67 67 67 67 67 67
64 77 77 68 67 67 67 67
71 79 70 71 71
53 80 80 80 50 80
40 79 80 71 71 41 41
71 41
71 41 71 71 71 49 79 79 50
50 50
80 81 81 77 77 77 77
79 67 67 67 70 70 70 70
70 70 68
68 68 71 68 50 80 50 50 41 71
41 41
68 77 41 41 41 41 41 41
67 71 71 71 71 71
71 71 68 68 41 41 41 41
41 41 41 41 41 68 68 68
67 70 40 41 41
41 41 41 37 37 37 64
68 41 41 68 68 40 40
70 76
76 76 76 76 76
76 76 41 41 41 41 41
71 41 50 50 80
80 77 77 80 80 76 77
80 77 76 79 76
80 80 41
40 70 70 70 70 71
70 67 70 71 71
70 43 40 43 43 43 50
80 80 80 80 80 80 80
68 68 68 68 68 68 68 68 71
71 71 79 79 79 79 79
67 50 50 70 70 79 79
79 71 68
64 64 67 76 76 49 41 40
40 41 70 71 71 68 68 68
68 71 71 71 71
49 41 44 71 52 52 52
79 52 52
52 52 79 52 79 52 79
52 52 79 79 52
52 52 50 50 50 50 50
50 50 50 50 50 50 71 71
68 41
44 53 53 53 77 80 71 80
80 80 81 78
51 50 47 41 41 41 50
50 50 50 50
50 80 50 50 50 50 80
80 80 80 80 77
76 79 76 79 79 76 73 73 76
76 79 76 79 79 79
50 80 50 50 50 53 41 41 41
41 71 68 41 68
50 50 77 77 77 68
68 68 68 68 68 68
68 68 71 71 71 71 71
64 64 64
67 67 67 67 40 41 41 41 41
41 41 44 44 44
44 44 44 44 44 44 44 53
26 26 26 26 26 26 26 26
26 71 71 67
64 67 67 68 71 71 71 71
71 76 76 76 76 76 76
76 76 76 76 76 76 50
41 41 41 40 41 41 68 41
40 67 67 67 79 79 70 79
77 71 71 71 71 71 53 44
44 44 35 35 35 35 53
53 53 53 76
76 67 67 67 67 67 64 67 67
67 67 68
76 76 76 76 76 76 76
79 79 79 79 79 76
67 67 78 69 69 69 69 78 77 59
32 32 32 32 32 70 80
53 44 44 44 44 44 71 71 71
71 52
52 52 52 52 52 76 76 76
76 76 76 76 76
73 76 76 76 76 76 80 80
80 80 80 80 77 50 50 71
71 68 68 71 71 71 71 71
41 41 41 40 40 41 80 80
80 80 76 76
76 76 79 68 77 77 77
76 76 71 70 71 49
49 49 41 71 71 71 71 71 71
71 71 71 71 71 71 71 67
67 70 70 71 71 71 71 71
71 71 71 49
71 44 41 41 71 71 71 49
49 49 49 64 64 65 65 69 71
71 71 71 71 70 70 70 70 67
65 68 68 71 71 71
71 49
49 76 76 73 64 77 71
71 71 71 71 71 71
71 71 71 71 71 71
71 67 71 71 71 71 71 71 0
0 0
