79 79 79 79 79 79 79 79
79 79 79
79 79 52 52 52 79 79 61
70 70 70 70 70 70
70 70 79 70 79 79 79 79 79 79 79
79 79 79 79 79 79 79 79
79 79 79 79 79 79 79
79 79 79 79 79 79 79 79
79 79
79 79 79 79 79 79 79 79 79
79 79 79
79 79 79 79 79 79
79 79 79 79 79 79 79 80 79
70 79 71 71 49 79 79
79 79 79 79 79 70 70
70 76 76 79 79 79
70 70 71 70
79 79 79 79 79 79 79
79 79 79 79 79 79
79 79 79 79 79 79 79 79 79
79 79 79 79 79
79 79 79 79 79 79 79 79 79
79 79 79 79
79 79 79 79 79 79 79
79 79
79 79 80 79 79 79 79 79
79 79 79 79 79 79 79
79 79 79 79 79 79
79 79
79 79 79 79 79 79 79 79
79 79 79 79 79 79 79 79
79 79 79
79 79 79 79 79 79 79 79
79 79 79
79 80 79 79 79 70
79 79 79 79 79 79 79
79 79 79 79 79 79 79
79 79 79 79 79 79 79
79 79 79 79 79 79 79
52 79 79 79 79
79 79 79 79 79 79 79 79 79
79 79 79
79 79 79 79 79 79 77
77 77 77 77 80 80 80 71
71 79 79 79
79 79 79 79 79 79 79
79 79 79 79 79
79 79 79 79 79 79 79 76 79
79 79
79 79 79 79 79 79 79 79
79 79 79
79 79 79 79 79 79 79 79 79
79 79 79 79
79 79 79 79 79 79
79 79
79 70 79 70 70
70 70 79 79 79
71 40 49 70 79 76
79 79 79 79 79
79 79 79 79 79 79 79 79 79 79 79
79 79 43 43 43 43 43
70 70
70 79 79 79 79 76 79 79 79 79
79 79 79 79
79 76 79 79 79 79
79 76 79 79 79 79 79 79
52 79 79 79
79 79 70 70 70 70 70
70 43 43 40 70 70 70
43 43 70
70 52 52 79 79 70 79
79 79
76 79 79 76 79 79 79
79 79 79 79 76 76 77 77
80 71 80 80 76 76
79 79 79 79 79
79 79 79 79 79
79 79 79 79 79 79
79 79 79 76
79 79 76 76 76 76 79 76
79 79
76 79 79 79 79 79 79 79 79
79 79 79 79 79 79 79 79 79
79 79 79 76 49 79
49 79 79 79 79 79 79
79 76 79 79 79 79
79 79 79 79 79 79
49 79 79 79 79 79 79 70
70 79 79 79 79 79 79
67 79 79 79 79
79 79 79 79 79 79 79
79 79 79 79
79 79 79 79 79 79
79 79 70 79 79 79 79 79
70 70 70 79 79 79
79 79 79 79 79 79 79 79
79 79
79 79 79 79 79
79 80 79 79 79 79 79 79 80
80 80 68 71 80
80 79 79 79 79 79 79
79 79 79 79 79 79 79
79 79 79 79 79 79 79 79
79 79 79 79 79
79 79 79 79 79 79
79 79 79 79 79 79 79
79 79 79 79
79 79 70 70 70 70
79 70 43 43 79 70
79 79 79 79 70 70 79 79
70 70 43 40 79 79 79 79
79 79 79 76 79 79 79
79 79 79 79 79 79 79
79 79
79 79 79 79 79 79 70
70 79 79 79 79 79 79
79 79 79 79
79 79 79 79 79 79 79
79 79 79 79 79 79 79
79 79 79
79 79 79 79 79 79 71 71
71 40 40 70 79 41 41 41
79 79 79 79 79 79 79 79 79
79 79 79 79 79 70
68 68 68 60 60
60 80 79 76 79 79 79 79
79 79 79 79 79
79 79 79 79 79 79 79 79
79 79 79 79 79 79 79 79
79 70 71 41 79 79 79
71 79 79 79 79
79 79 79 79 79 79 79
79 79 79 79 70 70 70 70 70
70 79 79
79 79 79 79 79 79 70
70 40 67 79 79 67 79 79
79 79 79 79 70
79 79 79 79 79 79 22
22 22 22 49 49 49 49
49 49 70 70 70 79
79 79 0 0 0 0 0 0 0
0 0 0 0 0 0 0 0 0 0
0 0 0 0 0 0 0
0 0 0 0 0
0 0 0 0 0 0 0 0
0 0 0 0 0 0
79 79 79 79 79 79 79
79 79 79 76 67 76
76 76 76 80 79 70 71
70 79 70 71 71 79
79 79 79 79 79 79 79 79 79
76 76 79 79 79
79 76 79 79 79 49 79
79 70 70 70 49 49
49 79 76 70 49 79
79 79
70 70 70 70 40 40 40 71 71
71 71 70 70 79
79 79 79 79 79 79 79 79
79 79 79 79 79 79 79 79
79 79 79 79 79 79 79
79 70 70 70 70
49 49 79 79 79 79 79
79 79 79 79 79 79 79
79 79 79 79 79 79 79 79
79 79 79 79 79 79 79
79 79 79 79 79 79
79 79 79 79 79 79 79 79
79 79 79 79 79 79 79 79 79
79 79 79 79 79 79 79 79 79
79 76 49 49 52 52 76 79
79 79 79 70 70 70
70 79 79 79 79 79 79 79 79
79 79 79
79 79 79 79 79 79 79 79 79
79 79 79 79 79 79 79 79
79 76 41 41 71 70 71
79 79 49 49 49 79 79 79
79 79 79 79 79 79 49
52 80 79 79 41 41 41 40
40 63 63 63 63 70
70 70 70 70 70 70 70 70 79
79 71 71 71 70 70 70
71 70 70 79 79 79 79
70 70 79 70 70 70 71 71
71 0 0
