52 79 79 70 61 61 61
61 61 70 71 70 70 70
70 70 70 70 70 70
70 67 64 64 64 64
64 67 67 67 64 67 76 76
76 76 76 76 49 49 76 76
76 76 76 80 80
80 80 12 1 11 1 1 10
10 10 1 10
10 10 19 19
1 1 49 49 49 49
52 70 40 40 40 40 40
67 70 70 79 67 64 64 67
76 76 77 73 67 76 70
70 52
52 52 52 52 49 49 49 49 79
79 79 79 52 40 40 40 40
40 43 43 43 43 43 40
11 0 0 0 11 1 0 21
0 0 0 0 0
0 0 0 0 1 1 2 0
0 0 0 70 70 70
13 13
70 70 70 70 70 67
67 67 67 70 70 70
0 0 21 21 0 0 76 79
79 31 31 31 31 31 31 31
31 31 31 31 31 31 0 21
0 51 51 20 21 25 50 51 48
47 0 0 0 41
51 51 51 51 51 51 51 19
19 19 19 19
11 11 20 20 79 70 70 70
70 70 3 0 0
0 0 0 1 0
0 0 0
19 19 19 19 19 0 0 0
0 1 0 19
0 0 0 0 0 0 19 0 19
0 0 0 0
79 80 80 79 79 70 79 79 79 79
79 79 79 79
79 79 79 79 40 49 76 76 76 76
76 76 70 70 49 46 49
76 76 0 0 0 0 0 0
0 11 11 11 80 80 81
80 80 81 81 81 81 81
80 33 51 51 42 42 42
51 42 51 51
51 79 70 70 70 79 79
52 71 70 0 0 0 0 0 0
0 0 0 0 0 0 1
1 0 0 1 0 0 1 0
1 1 1
1 0 0 0 0 0 0 0
52 52 52
52 52 52 52 79 79 70 71 79
52 52 52
52 52 52 52 52 52 52 52
52 52 52 52 79 79 79 52
52 52 52 52 52 79
70 52
52 52 52 79 52 52 52 52
79 52 52 52 52 52 52
52 52 52 52 52 70 52
52 52 52 79 79 79 79 79 79
52 52 52 79 52 79 70 70
43 52 52 52 52 52 43
70 70 79 52 52 49 79 79
70 70 43 52 52 79 79 79 79
43 43 52 79 49 49 79 21
21 21 0 0 0 11
0 1 0 0 0 0
0 0 0 76 79 80 80
79 79 80 49 79 79
49 40 70 70 79 4
1 1 1 4 4 13
1 1 1 1 11 10
11 10 0 0 0
0 11 21 10 0 1 21
1 1 1 0 0 0
0 0 0 0 0
0 1 11 0 0 0 0 0
0 0 1 0 0
0 0 0 0 0
0 1 1 1 0
1 1 1 0 0 0 0
21 12 1 1 0
0 0 0 0
0 0 0 1 21 21
21 0 0 21 21 0
0 0 0 0 0 0 0 3 0 21
0 21 0 0 0 0
0 0 70 70 79 52
79 70 49 49 76 79
49 49 49 40 19 76 49
40 79 79 77 77 49
49 49 40 67 67 10 10 1 20
0 0 0 0 0 1
1 1 1 1 1 1 1 1
1 1 1 0 0 0 0
0 0 0 0 0 0 0
0 0 0 0 0 0 0 0 0
0 0 49 76 76 76 46 49
70 43 52 52 43 43 70
52 52 52 79 70 70 70
70 70 79 79 79
79 79 79 79 79
79 79 70 70 70 70 64 64
64 64
40 46 76 67 70 70 71
80 19 19 49 49 21
21 19 11 19 22 13 10 13 22
0 0 79 49 71 11 11 11
11 0 0 0 0 0
0 0 0 0 0
0 0
0 0 49 76 68 68 70
52 25 52 25 25 52 25
52 52
79 52 52 43 43 52 52 52 52
79 52 76 79 79 79 70 70
70 76 76 76 76 79 79 79
76 76 77 77 68 76 67 76
76 79 79 11 11 11 11
11 11 11 11 11 11
11 11 21 21 11 21 0
0 0 0
0 0 0 0 0 0 0
0 0 1 11 1 0 1
1 0 0 0 1 1 0 0
0 0 1 1 1 1 1 0 49
49 49 80 50 50 50 50 40
31 31 31 40 46 46 46 46
46 76 70 43 52 52
52 52 43 43 70 21 21 12
12 21 38 21 0 0 0 0
1 0 0 0 1 21 0 21 19
0 0
0 0 0 0 0 0 0 0 0
0 0 0 21 0 0 0
0 0 0 0 0 0 0 52
79 79 52
70 70 70 70 76 76 76 76 76
76 79 70 70 70 61 70
70 70 70 70 70 49
49 70 70 67 43 70
70 49 49 79 70 43 52
79 79 79 79 79 79 79 79
79 70 70 70 70 70 79
79 70 61 70 70 21 21
21 21 21 21 21 21
21 48 0 0 0
0 0 0 0 0 0
0 0 0 0 0 0
0 0 0 0 0 0 0
0 0 0 0 0 0 0 0
0 0 0 0 0 0 0 0
0 0 0 0 0 76 76 70
70 70 43 43 52 52 79
79 79 79 52 52 79 70
70 70 70 70 0 0 0
0 0 0 0 0 0
0 0 0 0 0 0
0 0 0 71
49 49 76 76 76 50 80 71
71 76 79 70 70 70 79 70
43 43 52 52 43 52
43 70 70 61 61 70
58 61 67 58 67 70 70
70 70 70 70 67 70 70 70
70 70 67 70 70
49 79 79 79 79 70 70
79 70 70 70 70 70 49 46 49
49 49 49 49 71 68 40
40 40 37 67 70 70 52
52 70 70 70 70 70 70
49 49 49 76 67 67 70 71
80 80 80 50
70 49 49 71 50 70
70 70 70 40 31 31 34
43 70 11 11 11 11 11
11 11 11 11 11
11 0 0 0 0 0 0
0 49 76 76 76 76 49
67 46 73 46 46
51 51 51 50 50 80
70 40 70 70 40 40 70
70 70 70 1
1 1 10 1 1 1
1 1 1 1 1 1 1
1 1
1 1 19 19 19 0 0
0 52 79 52 79 70 70
71 70 70 49 49 49 79 79
70 67 76
40 43 79 70 10 10 10
10 10 11 20 20 10 0
0 0 0 0
0 0 0 0 0 0
0 0 0 0 0 0
0 73 73
73 73 73 73 76 81
81 54 81 81 81
81 54 27 27 3 3 3 3
49 49 49 49 41 41 41
41 41 41 38 1 1 1
-29 -29 0 0 0 0 52 25 52
52 52 52 52 52 52 52 79 70
70 70 70 46 46 40 73 64
50 50 67 67 64 67 70 70
70 70 67 67 64
67 70 70 67 70 67 70
50 19 49 49 49
46 49 76 52 25 25 52
52 79 79 52 52 79 79 79
79 79 70 70 70 70 79 79
79 79 71 70 43 40 49
79 79 79 70 70 1 1 10
0 0 0 71 70 67
70 70 70 70 70 67 70 70 67
67 67 40 67 70 70
70 67 67 67 67 67
67 79 79 52 79 79 79 79 70
52 79
79 70 70 43 43
40 49 49 79 79
71 37 37 37 67 70
76 76 70 70 76 67
76 76 67 40 40 49 79
79 79 71 70 70 70
70 79 79 79 70 73 73 76
76 67 70 70 70 70 71 71
71 71 0 0
