0 0 0 0 0 0 1 0 0 1
31 1 1 1 1 1 1 1
1 -29 28 28 28 28 28 49
40 41 49 49 50 49 22 50
0 0 0 0 0 0 0 0
0 0 0 0 0 0 0 0 31 31
31 31 31 31 31 31 31 31 31
74 74 74 74 65 74 65 77
77 0 0 0 0 1 1 0
1 1 1 1 1 49 49
53 53 80 80 80 80 80 80 80
71 71 71 71 71 80 53
53 80 77 80 80
77 76 76 76 80 80 80
80 80 81 80 80 80 80
53 26 80 80 80 80
80 80 80 53 80 80 80
71 53 53 80 53 50 76 49
46 49 49 49 67 67 40 0 -59
-29 -29 0 0 -29 -29 0 -59 -29
-29 0 -29 -29 -29 0 0 0
0 -29 -29 0 -29 0 0 0 0
49 22 49 49 49 49 49 52 79 79
52 25 25 52 52 52 52 52
53 53 52 52 52 0 0 21
0 0 1 0 0 0 0 21 1
1 1 1 1 1 1 72 72
72 72 72 69 64 64 67 61
61 61 61 61 70 70 67 67
67 67 67 0 1 1 0
0 1 1 5 12 21 11 2 2
2 2 5 2 3 1 1
1 1 1 1 20 20 31 1 2
0 2 2 37 37 32 0 0
0 0 0 0 12 20 0
0 0 0 0 0 0
0 0 0 0 76 76 76 76 76
76 76 76 76 76 76 64 67 67
40 71 71 35 71 71 71 71 71
71 71 71 40 40 67 53 26
53 53 53 53 80 80 77 80
80 80 80 53 53 53
80 80 81 81 77 77
81 80 71 44 53 53 53
53 53 19 1 1 19 19
19 19 19 1 1 1
1 1 1 1 1 1 0
1 1 1 1 1 49 46 46 46
46 46 46 49 41 41 41
41 41 41 49 49 19 19 49
50 54 0 0 0 0 0
0 0 0 0 0 0 0 1
1 1 1 0 1 0 1
1 0 0 0 0 0 0 0 0
0 0 0 0 0 77 76
76 76 11 10 11 11 11 11
11 20 10 10 2 10 0 0 0
0 0 0 0 0 0 40
67 49 49 52 49 22 49 49
49 49 49 49 80 49 49
49 49 49 49 49 49 67
68 68 68 68 76 76 76 76
76 76 76 49 49 49 49
49 76 76 76 76 49 67 67
10 0 0 0 0 0
1 1 1 1 1 1 1
1 1 1 1 1 1 1 1
1 1 1 1 1 1 1
1 1 58 61 61 61
49 49 49 50 80 80
53 80 76 44 44 44 41
49 49 40 49 50 50
51 51 51 19 19 20 21 20
20 20 20 20 0 0
0 0 0 0 0 0 0
0 0 0 0 0 0 0
0 0 0 0 0 1 1
1 1 1 0 47
46 49 49 49 49 49 49
49 76 11 11 11 11 21
0 0 1 0 1 0 0 0 0
0 11 0 0 1 1 1 1
0 0 0 0 77 80 80 80 80
80 80 49 49 49 49 49 79
70 53 53 49 49 49 49 46
46 37 37 64 64 67 64
76 73 46 40 64 67 64 67
67 67 67 67 67 64 67
67 67 67 76 49 49 49
49 49 49 49 67 76 1
11 11 11 11 11 11 11 11 0 1
1 1 0 1 0 0 0
0 0 0 0 80 80 80
80 49 49 49 49 49 49
80 80 53 53 53 80 80
76 49 49 49 79 49 49
49 67 67 26 26 0 0
0 0 0 0 0 0 0 0
0 0 0 0 0 50 50
50 50 51 23 20
50 53 50 50 50 50 50 76
79 79 79 79 79 76
76 79 76 76 79 79 79
79 40 40 40 40 40 40 40
40 67 67 67 67 40
40 40 51 51 41 50 23
26 53 53 53 53 53 53 53
26 26 53 53 26 53
53 53 49 49 19 49 49
49 49 80 81 81 81
21 3 1 19 1 1
21 0 0 0 21 0 0
0 0 0 0 0 0 0 0
0 0 0 0 0 0
0 0 0 0 0 0
0 0 0 0 0 0
0 0 0 0 0 0 0 0
0 0 0 0 0 0 0
0 0 0 0 0 0
0 0 0 0 0 0 0 0
0 0 0 0 0 4 5
0 0 0 0 0
0 0 -29 0 53 80
80 80 80 77 76 76 49 49
49 49 49 49 76 67 67 67
64 67 67 67 67 67
76 67 67 40 40 67
67 41 41 32 49 67 67
49 67 49 49 67 76
49 49 49 40 40 31 31
31 40 40 40 49 50 50
50 50 50 50 50 50 50 50
50 50 50 50 49 49 49 49
49 40 0 0 1 0 0 0
0 0 0 0 0
21 0 0 19 0 0 0 0
0 0 0 0 0 0 0 0 21
21 21 21 51 49 49 49 49
52 79 43 43 52 52 52
52 52 50 49 49 49 76
76 76 79 79 3 0 21
21 21 0 47 47 1 1 1
1 1 1 1 1 1
1 1 1 1 1
0 0 12 12 0 0 0 0
0 0 12 49
50 50 76 76 76 76 76 76 76
76 67 67 76 49 49 49
49 49 52 52 52 79 79 79
79 79 79 52 19
49 49 49 49 49 49 49
49 76 79 79 10 10 10
20 19 10 10 10 10 1
0 0 0 0 0 0 0 0
0 0 10 0 10 10 2 2
2 19 2 76 76 76 76 76
79 79 76 76 73 73 73 73 76
76 76 76 76 76 76
76 76 76 76 77 77
77 77 77 76 49 49 49
49 49 49 49 49 49 49 49
49 52 52 49 49 49 49
19 49 49 49 73 73
76 76 76 40 40 67 67 67
67 67 32 40 49 49 49 49 49
49 76 76 67 28 37 37 37 37
37 37 37 37 37 46 49
49 52 25 52 52 52 52 52 52
52 52 52 52 52 52 52 52 52
52 52 52 25 52 52
52 52 52 52 25 52 52
52 52 52 50 49 49 49 25 50
77 68 68 53 23 23 23
47 47 23 22 20 20 19 50 50
50 53 26 49 49 49 49
49 49 49 49 79 79 79
76 76 76 76 37 37 64
49 76 76 67 64 67 67 67
67 64 64 64 64 67 71 71 71
71 71 49 22 49 49 49 49
49 41 68 49 79
80 80 50 79 76 76 76 67
67 70 52 52 52 52 26 26
26 26 26 53 53 53 53 26 26
26 26 26 26 26 26 26 26
53 53 53 53 53 53 26 26
53 26 26 26 53 53 53 26
26 26 53 53 26 26
53 53 53 53 49 50 50
77 77 77 76 76 76 73 73 76 76
76 76 76 76 76 40 76 76 76 80
44 53 53 53 53 26 53 26
52 53 49 22 49 49 49
49 46 49 46 76 50 41
50 50 44 1 2 2
2 0 0 0 0 0 0
0 0 0 0 0 0 0
0 0 0 0 0 0 20 20
0 0 0 0 0 0 0 0
0 0 0 0 0 0
0 0 0 0 1 0 0 0 0
0 0 2 2 2 2
0 49 37 40 40 51
51 50 46 49 49 49 49 19 22
49 49 49 49 49 80 71 76
76 76 76 76 76 76 76 76 76
76 76 76 49 49 49
49 49 76 67 67 68
68 68 67 67 67 46 49
76 49 76 49 41 50
22 49 49 49 71
53 26 26 53 80 53 53
53 53 26 26 26 53 53 53
80 11 11 11 0 0 0
1 1 0 0 0 0 1
0 0 0 0 0 0 0 0 0
0 50 50 76 76 76 76 76
76 76 76 76 76 76 73 76
76 76 79 80 80 73 73 76
73 73 76 37 40 67 67 67 67
28 28 28 28
40 40 40 67 80 80
80 76 76 76 76 76 76 76
49 49 49 49 22 49 49 49 49
49 76 76 76 79 76 76 76
76 76 49 49 40 40 11 11
11 11 11 0 0 50
49 49 49 11 11 11 11
11 11 11 11 11 11 11 11
11 11 11 11 11 11 11 11 11
10 11 0 0 0 0 0 10
0 0 0 0 0 50
50 50 50 49 49 76
76 76 49 40 40 40 40 40
31 31 40 73 76 76 76 76
76 76 76 76 46 19
49 49 22 49 49 46
46 49 67 73 73 76 76 76
76 76 76 49 41 41 41
41 41 50 50 50 41 50 50
50 50 50 50 50 51
50 50 50 41 41 41
41 41 41 51 0 0 0
0 0 0 0 0 0 0 0
0 0 46 19 19 37
40 50 50 53 26
53 53 53 26 53 23 19
19 19 19 49 49 49 49
19 53 26 52 52
80 80 76 73 73 76 76
11 11 0 0 0 0 0
0 0 0 0 0 0 0 0
76 73 73 76 76 76
76 76 76 67 40 40 10 19
49 40 40 40 37 49
49 41 41 41 41 41 41 70
58 58 61 43 11 11 11
20 20 20 0 76 76
76 76 77 77 77 49 49 49
49 49 49 49 49 76 21 1
1 1 1 1 1 1 1 1
0 0 0 0 0 0 0
0 26 26 53 53 53 23 40
40 37 64 64 40
1 28 28 37 73 0 1
0 0 1 0 0 1 -59 -29
-29 -29 0 0 0 0
0 0 0 0 0 0 0 0 0
0 2 3 3 0 76
76 76 76 76 76 41
52 52 52 52 52 52 46
73 73 73 76 76 73 73
73 76 76 46 49
49 49 79 79 79
79 79 79 76 76 77
80 80 80 80 53 53
53 53 80 71 71 71 53
26 53 53 49 49 49
49 49 49 49 77 77
49 49 67 67 40
40 40 40 40 40 40
49 49 19 19 19 49 76 79
40 49 49 49 49 80 80 71 53
53 53 10 10 10 0 0 0
0 0 0 0 0 0 0 0
0 76 73 73 73 73 73 73
73 73 73 76 77 77 80
80 80 76 76 76 76 76 49 49
49 49 49 49
0 0 0 0 0 0 0
0 0 0 0 0
0 0 21 21 21 21
21 21 21 21 0 0 0
0 0 0 31 40 50 51 51
53 44 53 53 26 26 26 53
53 26 26 26 53 50 51
51 51 51 51 27
27 54 54 27 27 27 27
54 54 54 54 51 51 51 54
54 54 80 71 71
49 49 76 76 76 76
76 73 76 76 76 76
67 40 40 40 40 40
40 40 40 79 79 79 0 0
0 0 0 0 0 0 0
0 0 0 0 0 0 0
0 0 0 0 1 1 1 0
0 0 1 1 0 0 0
0 1 1 1 1
1 0 1 1 31 22
52 52 52 25 25 25 25 25 52
52 41 49 49 49 49 50 50
78 81 78 40 40 40 40
40 40 76 67 40 28 28
31 31 40 40 41 41
41 49 71 77 77 77 80 80
53 53 53 80 80 80
80 53 80 41 11 11
11 11 0 0 0
0 0 0 0 0 0 0
0 0 0 0 0 10 10
10 10 10
73 76 76 76 76 76
49 49 49 49 49 49 40
40 40 37 37 40 49 49
50 50 50 49 49 49 50
81 11 0 1 1 0
0 1 1 1 1 1 1 1
1 1 0 0 0
49 49 49 49 49 49
49 49 41 40 40 40
49 49 40 40 49 49 40
49 22 19 11 19 19 22
49 49 49 41 41 41 41 49
46 22 49 41 41 41 44
71 71 10 0 1 1
1 1 1 1 0 0 0 0 0
0 0 1 1 46 37 37
46 19 19 19 19 19 19 0
0 0 0 0 0 0 0 0
0 0 0 0 0 0 0 49
49 68 68 68 41 41 41
49 49 49 49 40 40 49
41 50 50 50 41 50
19 49 49 41 49 49
70 43 52 52 43 70 67 40
40 37 37 67 40 40 49 49 49 49
49 49 49 49 49 50 51 50 43
52 52 52 52 79 11 11
11 11 11 11 11 11
11 11 11 11 0 0 0
0 0 0 0 0 0 0
0 0 41 40 40 40 40
41 67 0 0 0 0
0 0 0 0 0 1
0 0 0 0 0 0 0 1
31 31 31 31 31 40 67 40
40 40 49 49 49 49 49 49
49 49 76 80 80 80 80 80 80
41 49 67 67 67 67
67 67 67 67 67 67 67
40 40 49 49 76 49 49 52
52 43 70 52 52 52
52 52 25 25 52 25 25 52
52 71 19 0 0 0
0 0 0 0 0 0 0
0 0 0 0 0 0 0
0 0 0 0 0 0 0 0
0 0 0 0 0 0 0 0
0 0 0 0 0 0 0
0 0 0 0 53 44 53 26 53
49 46 19 19 19 49 40 67
67 67 67 67 49 22
49 49 22 49 49 49 76
76 76 76 76 76
76 41 81 81 81 81 81
71 71 71 80 80 72 72 80
50 50 51
22 49 49 49 19
19 22 49 41 41 71 71 71
41 25 25 70 70 79 52
52 52 52 52 52 43 52 52
79 70 43 52 52 71 71
71 50 49 51 51 46 46 49
76 76 76 76 76 50 49 76 76
76 76 76 73 73 76
76 76 40 49 76
76 76 49 49 49 49 49 49 76
49 10 10 0 0 0
1 50 49 49 76 76 76
41 1 0 0 0 0 0 0
0 0 0 0 0 0 0
41 41 41 40 40 40 40 40
40 40 67 67 68 0 0 0 0
0 1 1 0 0 11 0
0 0 0 0
0 0 0 0 0 0 0
0 0 0 70 71 71 41
49 49 49 49 49 49
49 43 52 25 52 52 52 70
41 80 81 76
76 76 76 76 76 76 76
76 76 76 76 76 40 40 67 53
80 81 80 80 80 80 80
80 80 80 80 80 79 79 79
79 50 50 70 43 40 40
40 40 67 70 71 71 76 44
50 53 49 0 28 28
40 50 49 49 49 49 50
50 41 41 41 53 26 19 0
0 14 11 11 10 20 21 2 11
11 0 19 19 19 19 19 19
21 31 31 31 31 31 31 40
0 73 76 73 76 19 19
19 19 49 49 49 50 23 20
21 21 21 42 20 20 51 42 41
50 50 50 49 73 73
76 76 37 37 37 40 40
49 76 76 76 67 67 67 67
67 67 58 58 58 67 67 67
67 40 40 40 40 40 40 40 40
67 70 70 52 52 52 52
52 52 52 52 52 79
79 50 49 49 67 41 41 41
41 41 41 41 41 41 41 41 41
41 41 40 49 49 49 52
52 52 79 52 43 43
70 49 49 73 73 76 80
79 79 79 79 79 79 79 76
76 73 73 76 76 77 76
76 76 76 76 76 76 76 67 37
37 37 40 40 40 41 50 50
50 41 41 77 77 50
50 77 53 44 53 53 53
53 43 43 53 53 53 53 53
53 53 52 44 49 49 49
49 52 25 25 52 52 79 52
52 52 52 25 25 52 70 70 50
49 76 76 76 76 49 49 76 67
67 67 40 40 40 50
41 41 49 49 49 22 49
49 49 49 49 70 19 22 49
22 19 19 19 49 49 49
49 49 49 49 50 50
49 49 49 49 49 49 49 49
49 49 76 70 50 49 79
49 49 50 71 71 71 44
79 76 49 49 49 49
49 49 49 79 79 49
76 76 40 41 53 53 26
26 53 53 49 50 50 51 50 50
50 53 53 53 44 71 71
71 71 67 67 64 67 67
37 40 49 49 49
49 49 22 49 41 49 49
49 49 49 49 49 2 11 11
11 0 1 0 1 0 0
0 0 0 1 0 1 0 0
0 0 1 1 0
49 49 49 49 49 49
49 0 0 0 0 0
0 0 0 0 0 0 0 0
0 0 0 0 0
0 0 0 0 22 49 49 49
49 49 49 49 40 41 41
41 41 68 40 76 76 79 79
76 76 76 76 76 20
10 19 0 0 0 0
0 0 0 0 1 1 1 0
0 21 21 76 77 76 49 49 49
49 40 40 40 71 53 53
21 21 21 21 21 21 21
21 21 21 21 21
21 21 21 21 21 21 21
21 50 77 77 49 52 52 52
43 70 70 70 50 49 49
49 44 71 53 53 53 50
50 50 49 49 50 42 71 71
49 49 19 22 49 49 0 0
0 0 20 24 51 51 51 50
50 50 50 50 50 50
50 24 50 50 49 46
46 76 76 76 49 49 22
49 49 49 49 49
49 49 40 40 49 49 49
49 49 49 49 49 19 49 49
49 49 49 49 19 49 49 49 49
49 77 77 77 77 77 77 76 77
77 77 80 80 80 69 69 77 76
76 76 76 77 77 77 76 76
49 49 51 51 51 53 53
53 53 26 53 71 71 68 68
71 71 71 71 50 49 49 49
52 26 26 26 26 26
53 53 53 50 24 21 21 51
50 50 50 50 50 50 50 50 49
41 49 49 49 49 49 49
49 49 76 67 67 67 67 71 71
71 71 49 50 50 49 71
72 71 49 79 71 71 71
70 76 76 76 76 76 77 68
77 77 77 76 76 76
76 77 77 77 67 76
76 67 67 67 67 67 76
76 76 76 50 77 49 49
49 49 49 49 41 40 49
49 49 49 49 49 79
79 79 79 79 46 49
67 70 49 49 49 49
49 71 41 69 60 60 76
76 50 50 49 49 49 40
71 79 79 79 79 79 79
79 79 79 79 79 67
64 64 64 64 67 67 67
67 37 37 37 40 40 49 76
67 67 67 40 41 49 49
49 49 76 49 49 49 49
49 49 22 25 25 25 25
52 52 49 50 51 51 51 50 49 40
31 31 40 40 40 40 40 40 40
52 52 25 25 52 79
79 79 49 49 49 49
49 49 52 76 64 68 77 77
49 49 49 40 40 49 40 67 67
79 71 71 71 76 40 40 40 40 49
49 50 49 76
76 67 28 28 28 19
49 40 41 40 31 37 49 49
22 22 22 0 0
0 0 0 0 0 0
0 0 0 -29 0 0 0 0 0
0 0 0 0 0 0 0 0
0 0 0 0 20
19 19 0 81 41 41 50 50 80
71 44 44 50 49
67 67 49 67 67 67
67 67 67 28 1
31 31 31 40 40 49 49
49 79 50 50 49 49 49 50
50 71 71 71 50 50 41
41 41 41 41 0 0 0 0 0
1 1 21 21 21 21 21
21 0 0 19 0 20 20
0 0 19 19 0 1 0 0
10 1 10 0 0 52 52
52 52 53 80 80 51 51
51 71 49 49 76 76 77
77 77 49 49 49 49 49 40
31 40 49 19 41 41 41 41
42 51 51 50 50 49 49
49 41 49 49 49 49 49
49 49 71 71 71 71 44 40
40 46 46 50 41 41 40
41 41 41 41 41 41 49 49
40 40 40 40 40 40 31 40
40 41 50 50 19 19 19 49
49 49 49 49 41 41 41 11
11 11 14 41 41 41 41 49
49 49 49 41 49 49 49 49
49 49 49 49 40 40 40
67 67 58 58 61 61 61 61
61 61 61 61 61 58 58 55
58 58 58 58 49 49 52
79 70 70 52 52 52 25 25 52
25 52 43 43 43 43 43
43 43 70 70 67 67 70 68 71
71 68 68 49 49 49 49
49 49 50 41 53 53 53 53
53 53 53 53 53 53 53 53
53 53 53 53 53 53 79 76
76 76 76 76 76 77 80
81 81 81 81 81 81 80
49 49 49 49 49 49 49 52 52
52 52 52 52 52 52 52 52
52 52 52 52 43 16 16 16 16 43
43 52 52 52 52 25 52
52 52 49 49 22 19 40 67
67 67 67 67 67
67 67 67 67 49
49 49 49 49 49 40 40 31 31
40 40 41 49 49 49 49 49
49 49 49 67 67 19 49 49
49 49 49 49 50 41 49
49 49 49 52 79 79 79 79 76
80 80 71 68 68 71 71 49 49
49 49 49 49 49 49
52 49 19 19 46 78 78
72 77 73 73 73 77 77
76 76 76 76 76 76 76 76
49 71 41 41 49 49 49 49
71 71 71 71 71 71 71 71
71 49 49 49 79 79 79 79
79 52 25 52 52 52 52 49
49 49 51 51 51 50 41
49 71 70 52 41 50
49 49 49 49 49 71 49
49 19 22 49 49 41
49 49 67 67 67 67
49 49 49 49 49 49 49 19 19
49 49 49 49 49 46 46 46 49
49 49 49 68 71 21
21 0 21 12 12 3 0
0 0 0 0 0 0
0 0 0 0 0 0
0 0
0 0 51 51
51 51 51 51 51
51 51 51 51 51
51 76 49 49 76 49
52 0 0 0 1
3 0 0 0 3 0 0
0 0 0 0 76 76
76 76 76 41 40 76 76
76 79 49 80 80
80 50 49 49 49 49 49
49 49 49 49 49 40 67 41
46 37 37 40 40 40 40
40 40 40 40 40 40
22 49 49 49 53 50 50
53 53 53 53 44 44 44 53 53
53 26 26 53 53 53 53
26 53 53 53 71 71 80
49 49 49 70 70 53 53 71
44 53 53 80 49 41 41
41 71 71 71 71 71
71 53 25 26 26 26 26
25 52 53 53 41 41 53
53 53 53 53 53 44 68
41 68 68 41 41 41 68 68 41
49 49 40 40 41 71 71 71
67 67 67 67 67 67 40 31
31 31 10 20 11 21 21 0
0 0 0 0 0 0 0 0
0 0 0 0 0 5 1
0 1 0 0
