77 77 77 77 77 77
80 79 79 79 79 80 41 49
49 49 49 49 49 49 41
41 41 41 41 80 77 77
77 77 77 77 77 77 77
77 77 50 49 41 50 50
41 41 41 40 49 49 52
49 49 49 76 76 76 77 77
77 80 80 80 80 50 49
49 49 49 71
0 0 49 49 49 41 43
43 79 80 80 77 77 77
77 77 77 77 77 80 77 80
77 77 77 77 80 80 80
80 77 77 77 77 41 68 71 68
41 41 41 41 41 41 68 77
77 78 78 81 78 80
80 80 80 77 77 77 77
77 77 77 80 80 80
49 79 79 79 76 77
77 77 77 77 77 76
76 76 76 76 76 76 80
41 41 41 49 49 49 49
68 70 80 77 77 77 77
77 77 68
76 77 77 68 68 80 80
80 49 49 49 49 49
49 49 49 49 49 49 49
50 79 79 77 77 77
77 77 79 79 79 79 79
77 80 80 77 77 77 80 80 80
80 77 77 80 80 80
80 50 49 52 79 79 79
79 76 76 77 77 70 70 77
77 77 77 77 77 77 77
77 80 41 49 79 79 79
79 52 52 52 76 77 77
77 77 80 80 77 80 80
76 76 76 76 76 79
49 40 0 0 0 0 0
0 0 0 0 71 71
71 52 52 52 52 70
70 44 71 68 76 76
79 76 79 79 79 80 80 79
79 79 79 79 79
77 77 77 77 77 77 68
68 49 49 52 52 52 49 49
40 40 49 49 49 49 49
49 68 68 68 68 68 68 68 71
71 41 49 79 79 79 79 79 71
49 49 41 50 50 50 50 79 40
40 40 40 40 40 49
52 52 52 76 76 67 67
76 76 76 76 79 79 79
70 70 76 77 77 77 77
76 76 76 76 76 79 79 79
79 79 79 79 79 79
49 41 41 49 49 49
49 49 49 76 64 67 67 67
67 67 67 77 77 77 77 76
77 77 76 67 67 67 67
67 67 67 76 76 77 77 68
68 68 68 68 68 68 77 77
77 77 80 80 80 71 70 70 70
14 14 41 41 41 41 41 41
67 67 67 67 67 67 76 76 76
76 76 76 67 67 67 67
67 67 67 67 67 67 68 68
68 68
68 68 68 41 41 68 68 68
68 43 43 77 77 77
77 77 77 79 79 79
79 79 79
76 67 67 67 67 77 77
77 80 80 77 68 68 68 68 77
77 68 77 80 71 80 71 80 77
80 80 80 80 77 77 68
71 77 77 77 77 71 71
71 71 71 41 50 50 41 71 71
71 1 3 1 1 1 1
0 0 0 68 71 71
71 68 70 71 49
80 53 53 53 49 49
49 49 49 49 49 49 49 49 49
49 22 49 49 49
49 49 49 49 49 49 49 49 49 49 49
49 49 49 49 49 49 49 49
49 49 49 49 49 79 79
79 52 44 41 41 49 52 49
49 50 49 49 49 49
49 52 52 53 50 53 50 41 41
49 76 67 70 70 70 70 70 70
70 71 71 71 41 41 49
49 71 70 70 70 49 49
76 76 79 70 79 79 77
77 76 67 79 79 41
41 41 49 76 76
76 79 76 77 77
80 77 77 77 77 80
77 80 77 77 79 79
76 76 77 77 77 77 77 73 73 73
73 73 76 76 76 76
73 79 79 79 76 80 80
80 80 49 49 49 49
49 50 50 49 79 79
79 79 79 52 49 43 52
52 41 49 52 49 52 52
52 52 40 40 40 49 40 41
41 49 71 71 80 80 49 79 79
79 79 76 79 79 76 76 77
77 77 77 77 77 77
80 77 76 76 76 76 77 80
80 80 80 80 80 79 79
79 79 79 79 76 73 76
76 76 80 80 80 80 53 50
71 71 71 68 70 41 71 71 71
71 1 2 1 1 1
1 1 1 1 76 67
70 79 77 41 71 71 71
71 40 40 40 40 40 40
40 40 49 49 49 41 41 41
41 40 40 40 43 40 70
71 41 71 71 70 43 44
49 52 52 52
41 41 49 49 49 67
71 71 71 71 67 67 76
67 70 76 80 80 80 80
80 80 80 80 80 80 80 80
53 53 50 67 67 50 50 50 50
50 50 76 79 52 52 53 52
52 49 49 76 76 76 79 79 79
79 67 76 76 76 76 76
67 70 76 49 49 52 70 70
70 68 49 49 71 71 41
49 49 49 49 49 52 79
79 67 71 71 49 49
41 71 41 41 41 53 53 44 71
71 71 71 71 71 71 71 52
52 34 44 68 68 68
68 68 68 68 68 71 71 71
71 79 79 79 79 79 79
79 49 49 49 71 71
41 70 70 41 41 79 79 79 79
79 79 79 70 76 76 76 76 76
