80 77 77 80 80 80 80 80
77 77 77 77 77 77 50 41
41 41 49 49 49 49 49 49
41 41 41 41 40 41 0
0 0 0 12 71 71 71
71 71 71 71 71 68 68
68 68 71 71 71 71 71 71
71 71 71 71 71 71 71
68 77 77 41 41 79 49 49 41
41 41 41 41 41 41 41 41
41 49 49 49 49 40 40 41
41 41 41 41 41 41 41
41 41 41 41 41 71
71 41 49 49 79 79 79 79
79 79 49 68 41 41 68 68 68
67 40 43 41 71 71 71 71 71
71 71 71 71 71 71 71 71
71 71 71 71 71 79 49
49 49 41 71 71 67
67 67 68 71 71 71 71 71
71 71 71 71 71 71 71
71 71 71 71 70 11 38 40
41 41 41 41 41 41 41 41 41
41 41 41 41 37 37 37 37 37
40 40 40 40 40 40 40 40 40
40 40 40 40 41 41 41
41 49 49 41 41 41 41 41 41
41 41 41 41 41 41 41
41 41 41 41 41 41 41 41
41 71 71 68 68 44 71 71
71 71 71 71 71 71 71 71
71 71 68 67 68 68 68
68 68 68 68 32 31 32 31
79 70 80 71 71 71 53 80
31 79 79 79 79 79 41 41 41
41 41 41 41 41 41 41 41
41 41 41 10 10 10 10 10 10
10 10 10 2 10 1
41 41 41 41 38 41 41 41
41 41 23 23 23 41 41
41 41 41 41 41 41 41
49 41 41 41 41 41
41 41 41 41 41 41 41 41
41 41 41 41 71 71 49 49
49 49 49 49 49 49 49
49 49 76 67 41 41 41 41
49 40 40 49 41 50 41
41 26 26 41 41 41 41 41
41 41 41 41 41 41 41 40
40 40 40 40 40 40 40 40
40 40 40 40 40 40 40 40
49 49 49 49 40 40 41 41 41
40 40 41 68 71 71 41 68 67
77 76 76 73 73 70 70
70 70 67 71 71 70 67 67
67 67 67 67 76 76 76 77
77 77 77 77 77 77 76 76 41
41 41 41 41 41 41 41 41 41 41
41 41 41 41 41 41 41 41 41
41 41 41 41 41 41 41 50
49 49 49 49 41
41 41 41 41 41 41 41 41
41 41 41 49 49 49 49 49 49
49 49 49 49 49 49 41 41 41
41 71 50 49 49 49 52 41 41
41 41 40 40 40
40 40 41 49 49
49 49 49 49 70 40 40
40 43 43 70 50 50 77 50 41
71 71 41
40 43 43 40 40 41 41 41
41 40
40 40 40 70 70
67 70 41 41 41 71 50 49
49 49 80 80 49 49 79 79
49 79 79 79 79 79 52
49 49 49 79 40 41 41 41 41
41 41
41 41 41 41 41 40
41 41 50 50 49 49
49 40 40 40 40 40
40 40 41 41 41 41 41 41 41
49 49 49 49
49 40 40 40 49 49 49 41 41
41 40 40 40 40 41 41 41 41
40 40 40 40 40 40 40 40
40 40 67 67 40 41 41 41
41 41 41 41 41 41 41 41
50 50 50 49 37 64 37 64 64
64 64 64 67 67 67 40 41 71
71 41 40 40 40 49 40 40
40 49 80 80 80 41 68 71 71
71 71 71 71 71 49 49
49 49 49 49 76 76 49 49 41
41 71 71 71 71 71 71 71
71 71 71 71 71 71 71 71
71 71 71 71 71 71 71 71
71 71
71 71 71 71 71 71 71
71 71 67 64 64 67 67
64 64 67 67 67 67 68 68 71
71 41 40 40 40 41 41 71
71 71 71 71 71 68 71
71 71 71 71 71 71 71 71
71 71 71 71 71 71
50 50 52 64 64 64
50 53 80 40 67 67 40 41 71
71 71 71 71 71 71 71
49 49 49 49 49 49
41 71 71 71 71 71 71
71 71 71 71 71 71 71 41 49
49 49 79 79 67 67 67 67 67
68 41 71 71 71 71 71 71
71 71 71 71 71 71 71 71
71 71 71 71 71 71 49 79
79 79 67 79 49 49 49 40 71
71 76 40 40 40 40 40 40
40 40
40 68 68 62 71 71 71 43
50 50 80 80 71 67 70
79 79 79 67 67 41 41 41 40
59 77 77 78 78 78 77
77 68
68 68 41 40 40 41 41 41
41 68 68 68
41 41 40 40 40 43 43 43 40
31 31 71 80 50 50 77 77 71
68 68 77 77 77 77 76
76 49 77 49 76 49 49 50
71 71 40 40 40 49 49
49 49 49 50 41 41 41 41 41
67 70 40 40 40 40 40 40 40 67
40 31 31 67 40 40 40 40 40 40
40 40
40 40 40 31 31 40 40 40 49 49
49 71 71 50 40 31 40
40 40 37 64 64
40 49 49 80 71 71 71 71
67 67 67 40 40 67
67 50 50 80 80 80 80 50
50 50
79 79 79 79 80 50 50 50 52
52 79 79
73 73 73 76 73 73 76
76 73 73 73 76 76
76 76 76 76 50
51 50 80 53 50 80 80
53 50 49 50 50 49
79 49 49 50 51 50 50
50 50 77 50 50 77
50 50 53 49 52 79 79
79 67 67 70 50 50 76 79
79 46 76 76 50 50
80 80 80 80 53 53 80
80 80 53 50
50 50 49 52 49 49 76 49 76
49 31 31 31 31 31 64 67
67 67 67 67 67 40 31
49 49 49 49 40 76 76
76 49 49 49
73 73 73 76 76 64 70 73
76 67 73
76 76 73 64 64 67 67 67
68 68 68 71 71
67 64 67 67 67 67 64
67 67 64 64 64
67 76 76 50
50 51 50 80 50 50 50 50
50 50 77 50 71 80 71
71 71 71
64 67 67 67 67 67 67 64
67 41 41 71 71 71 71 71
71 71 71 71 71 71 71
71 49 41 41 41 41 50
80 80 80 80 68 50
50 41 50 68 41 41 68
77 68 68 40 40 40 40
40 40 40 40 40 40 40
40 41 41 49 49 49 40 40
40 40 40 49 49 79 52 49
49 49 49 79 79 79 79 79 79
79 70 49 53 53 50 50 71 71
68 50 77 49 49 79 79 52 49 52
49 52 52 79 50 50 50 50
50 50 77 73 73 73 73
73 73 73 73 76 76 76
76 76 49 40 41 41 41 41 40
40 76 40 43 43 43 71
70 70 70 70 70 49
79 49 49 49 49 52
52 76 49 49 49 41
41 41 71 71 41 50 49 41
73 73 76 41
76 76 49
40 40 71 71 71 71 71
71 71 71 71 71 71 71
71 71 71 71 71 49
49 49 49 49 76 79 79
49 49 40
67 40 41 41 41 41 41 41
41 77 77 77 77 77 67
67 67 67 76 76 73 76 76
79 79 79 70 76 73
73 73 76 76 76 40 40 49
49 79 79 79 37
37 37 37 37 40 40 40 40 37
37 38 38 38 38 38 38 37
37 19 19 19 22 23 23 41
71 79 79 79 79 79 79
79 79 79 79 79 79 79
79 79 79 79 79 79 79 79 79
79 79 79 79 79 79 79 79
79 79 79 79 79 79 79 79 79
79 79 79 79 79 79 79
79 79 79 68 68 68
68 68 68 68 68 68 68 68 71 71
77 76 76 67 67 67 67
67 70 70 70 70 70 70 71
71 80 80 79 77 80 80
67 67 67 77 41 41 41
41 41 41
41 41 41 40 40 40 40 40
37 37 37 40 40 40 37
40 40 40 40 40 40
71 67
70 70 70 49 49 50
50 50 80 80 53 53 71
76 76 76 79 79 79
70 71 71 80 80 80 77 70
76 76 76
76 79 79 79 79 77 76 76 76
79 79 76 76 79 70 70 76
76 79 79 79 79 76 40 40
40 40 67 70 70 61 61 70
71 70 40 40 40 67 67 40
43 43 40 40 40 40 40 40
37 37 37 40 40 40 40 40 40
40 40 40 40 49 49 49 49 49 68
41 49 49 41 41 67 49 49 49
49 49 49 50 50 50 49 40 40 40
40 40 49 22 23 23 23 46
46 49 46 46 46 37 64
76 76 76 76 76 76 49
40 67 76 76 79 79
77 77 77 41 41 41 71 71 71
71 71 71 71 71 71 71 71 71
71 71 71 71 71 71 71 71 71
71 71 71
49 49 49 50 50 50 50 50
50 50 50 77 41 71 49 40
41 41 40 49 40 40 67
70 40 49 49 49 49 49
76 76 49 76 40 40 40 40 40
40 40 67 58 59 68 68
67 67 67 76 76
76 76 76 73 73 76 76 76
76 76 76 76 73 76 76
76 76 76 40 40 40 40
40 40 67 40 70 40 64 67
67 40 40 40 40 40 40 40 40 40
37 67 67 67 67 40 67 40
40 40 40 67 70 70
70 70 70 43 70
43 43 43 43 43 52 79 79
50 50 50 50 50 50 50
50 50 50 50 77 68
49 50 50 50 50 41 41 41 50
49 50 50 50 50 50 50 50
50 49 64 67 67 67 40 40
40 67 40 40 50 50 41
71 71 71 71 71 71 71 67
67 67 40 40 64 67 67 64
64 64 76 76 73 73 67
67 67 67 64 76 76 76 76
68 77 77 50 50 50 50 50 51
50 51 50 50 37 31 40 40 50
50 20 51 51 50 51 51
51 71 68 67 68 68 67 67 67 67
67 67 67 67 68 41 41 41 68
71 49 49 49 76 73 76 76
77 41 41 71 71 71 71 71
76 49 40 40 41 41 40 40
49 49 49 49 49 50 50 50
50 50 49 49 40 40 40 40
67 40 40 40 40 40 40
40 40 40 40 40 40 41 41 40
40 40 40 40 40 40
40 41 41 40 49 40
40 40 49 40 49 49
49 49 49 49 40 50 53
53 71 71 70 70 70 70
67 67 67 67 67 67 67
67 67 67 67 71 71 71
71 68 64 64 64 65
49 41 41 71 71
71 71
71 71 71 71 71 71 71
71 71 71 71 71 49 74 50 50
50 53 50 50 50 68 71 71
49 49 41 40 40 40 41 41 68
64 67 67 67 67 67 68 68
71 41 41 41 41 40 40
40 40 40 40 40 40 40
40 40 40 40 40 40 40
40 40 40 40 40 40 50
49 49 40 40
40 40 40 40 40 40 40 40
40 40 40 40 40 40 40 40
40 40 40 40 40
41 41 41 41 49 40 41
41 40 40 40 40 40 40
50 41 41 41 41 41 50 50
50 50 50 50
76 76 76 73 76 77 77 50 41 41
41 41 41 41 41 40 40 40 40
41 42 42 41 41 41 41 41 41 41
41 41 41 41 41 41 41 49 49 49
49 49 49 49 40 40 40 40
40 40 40 40 40 50 49
49 76 76 76 76 76 76 79
76 41 41 71 71 71 71 49
50 50 50 52 49 49
49 52 52 52 52 52 52
52 53 53 50 50 50 80 77
49 46 49 49 49 49
80 70 40 49 64 73 73
76 79 67 49 49 50 49 49
50 43 49 49 49 49 40 43
64 67 67 67 67 67 70 71
53 53 26 26 53 80 80 53
53 52 52 52 79 49 49 49
49 40 49 40 40 40 40 40
40 41 49 49 49 49 49
49 49 49 76 49
49 49 40 67 40 70 70
70 70 70 41 71 71
71 71 50 80 50
50 50 51 80 80 40
40 40 40 49 79 79 49
49 79 79 79 79 79 68 68 68
68 71 71 68 67 71 71
50 68 68 50 26
50 41 68 68 68 68
71 80 79 53 77 68 53 50 41
41 71 71 71 40 41
41 49 70 79 79 70 70 61 70 70
71 62 71 62 70 79 76 76 41
71 71 71 77 77 77 80 71 71
71 71
64 64 64 64 67
71 71 71 71 71 71 71
41 41 41 41 41 41 41
41 41 41 41 41 41 41 41
41 41 41 41 41 41 41
41 41 41
41 40 41 41 41 41 41
41 41 49 49 41
41 49 49 49 49 40
50 50 49 49 76 40 67
41 41 71 71 71
71 80 50 50 50 53
80 80 40 40 40 40 40
49 40 40 40 49
67 40 40 40 40 67 70 70 43
67 67 67 70 67 67
67 67 40 40 67 40 40
67 67
40 40 70 70 70 70 70 70
70 61 61 61 61 61 70 61 58
58 70 67 77 77
71 50 50 50 50 51 50 52 52 80
80 53 53 53 81 81 80
72 71 81 50 50 50 77 71
71 71 71 71 77 43 52
80 80 52 52 49 49 50 41
41 41 41 41 40 40 44
44 44 41 41 40 40 40
40 40 40 40 40 40 40 40
41 80 71 80 50 40 40 70 71
50 81 69 69 42 42 42
50 40 40 40 40 67 68
50 42 42 42 69 78 51 51
51 51 51 51 51 24 51
51 51 51 51 51
51 51 51 51
42 42 51 50
50 50 50 50 50 70 67 67
40 40 41 41 79 79 79 79
80 80 50 69 69 51 51 51 51
51 50 50 50 23 50 50 50
50 53 53 50 50 50 50 50 50
50 50 50 77 77 50 50
50 51 42 42 50 50 50 53
53 50 52 52 52 25
52 52 52 52 52 52 52
50 50 50 50 50 53 53
53 53 53 53 53 53 53
80 80 80 80 53 53 53 79
52 79 52 52 52 52 52 80
53 80 53 53 40 79 49
49 40 43 43 67 67 68 68 69
42 42 68 68 71 71
52 71 71 71 71 71 71 68
68 68 68 68 68 71 71 71
64 64 64 67 67 67 68
71 71 71 71 71 71 71 68
67 50 77 41 68 71
71 71 71 71 71 71
71 71 71 41 41 41 71
71 71 71 71 71 71 71
71 71 71 0 0 0 0
