79 79 79 79 79 79 79 79
79 79 79 79 70 79 70 79
20 1 1 1 1 1
1 1 1 1 1 1
1 1 0 70 79 79 79 79 79
79 79 79 79 79 79
79 25 25 25 25 25 25 25
25 25 25 79 79 79 79 79 79
79 79 79 79 79 79 79
79 79 79 79 79 79 79
79 79 52 79 79 70 79 79
79 79 70 70 70 79 79 79
79 79 79 79 79 79 52
79 79 79 79 79 79 79 79 70
79 79 79 79 79
79 79 79 79 79 79 79 79 79
79 79 79 79 79 79 79
79 79 79 52 79 79 79
79 79 79 79 79 79 70
79 79 79 79 79 79
79 79 70 70 79 70
79 79 79 79 79 79 79
79 79 79 79 79
79 79 79 79 70 79 79 79
79 79 79 52 79 79 79
79 79 79 79 79
79 79 79 79 79 79 79 79
79 79 79 79 79 79
79 79 79 79 79 79
79 79 79 79 79 79 0
0 0 0 0 0 0 79
79 79 79 79
79 79 79 79 70 79
79 79 79 79 79 79
79 79 79 79 79 79 79 79
79 79 79 79 79 79 79 79
79 79 79 79 70 70 79
79 79 79 79 79 79
79 79 79 79 79 79 79 79
79 79 79 79 79 79 79
79 79 79 79 79 79 79 79
79 79 79 79 79 79 79
79 79 79 79 79 79 79 79
79 79 79 79 79 79 79 79
79 79 79 79 79 79 79 79 79 79
79 79 79 79 79 79 79 79
79 79 79 79 79 79 79
79 79 79 79 79 79
79 79 79 79 79 79 79 79
79 79 79 79 79 79 79
79 79 79 79 79 79 79
79 79 79 79 79 79 79
79 79 79 79 79 79 79
79 79 79 79 79 79
79 79 79 79 79 79
79 79 79 79 79 79
79 76 79 79 79 79
79 11 11
10 10 19 19 19 0 0 0 0 0
0 0 1 1 1 1 0
0 0 0 0 0 0
0 1 1 1 1 1 1 79
79 79 79 79 79 79
79 79 79 79 79 79
79 79 79 79 79 79 79
79 79 79 79 79 79 79 79 79
79 79 79 79 79 80 79 79
79 79 79 79 79 79 79 79
79 79 79 79 79 79 79 79
79 79 79 79 79 79
79 79 79 79 79 79 79 79
79 79 79 79 79 79 79
79 79 79 79 79 79 79
79 79 79 79 79 79 79 79
79 79 79 79 79 79 79
79 79 79 79 79 79 79
79 79 79 79 79 79 79
79 79 79 79 79 79
79 79 70 70 79 79 79
79 79 79 79 79 79 79 79
79 79 79 79 79 79 79 70 79
79 79 79 79 79 79 79 79 79
79 79 79 79 79 79 79
79 79 79 79 79 79 70 79 79
79 70 79 79 79 79 79
79 79 79 79 79 79 79
79 79 79 79 79 79 79
79 79 79 79 79 79 79
79 79 79 70 79 79 79 79
79 79 79 79 79 79
79 79 79 79 79 79 79 79 79
79 79 79 79 79
79 79 79 79 79
79 79 79 79 79 79 79
79 79 79 79 79 79 79
79 79 79 79 79 79
79 79 79 79 79 79 79 79
70 79 79 79 79 79 79 79
79 79 79 79 79 79 79
79 79 79 79 79 79
79 0 0 0 0 0
0 79 79 79 79 79 79
79 79 79 79 79 79 79
79 79 79 79 79 79 79
79 79 79 79 79 79 79 79
79 79 79 79 79 79 79 79
79 79 79 79 79 79 79
79 79 79 79 79 79 79
79 79 79 79 79 79 80
79 79 79 79 79 79 19
19 19 19 19 20 10 19
20 21 21 21 21 10 19 79 79 79
79 79 79 79 79 79 79 79 79
79 79 79 0 0 0 0
0 0 0 0 0 0 0
0 0 0 0 0 0 79 79
79 79 79 79 79 79
79 52 79 79 79 79 79 79
79 79 79 79 79 79 79
79 70 79 0 0 0 1
1 1 79 79 79 79 79 79 79
79 79 79 50 23 23 41 41 41
79 79 79 79 79 79 79 79
79 79 79 79 79
79 79 79 79 79 79 79
79 79 79 79 79 79 70
79 79 79 79 79 79
79 79 79 79 79
79 79 79 52 79 79 79
79 79 79 79 79 79 79 79
79 79 79 79 79 79 79
79 79 79 79 79 79 79 79 79
79 79 79 79 79 79 79
79 79 79 79 79 79
79 79 79 79 79 79 79
79 79 79 79 0 0 0
0 0 0 0 0 0 0 0
0 0 0 0 0 0 0 0
0 0 0 0 79 79 79 79
79 79 79 79 79 79
79 79 79 79 79 79 79 79
79 79 79 79 79 52 79 79
79 79 79 79 79 79 79 79
79 79 79 79 79 79 79 79 79
79 79 79 79 79 79
79 79 79 79 79 79 79
79 79 79 79 79 70 79
79 79 79 79 79 79
79 79 79 79 79 79 79
79 79 79 79 79 79
79 79 79 79 79 79 79
79 79 79 79 79
79 79 79 79 79 79 79
79 79 79 79 79 79 79 79
79 79 79 79 79 79
79 79 79 79 79 79 79
79 79 79 79 79 79 79 79
79 79 79 79 79 79
79 79 79 79 79 79 79
79 79 79 79 79 79 79
79 79 79 79 79 79 79
79 79 79 79 79 79 79
79 79 70 79 79 79 79
79 79 79 79 79 79
79 79 79 79 79 79 79 79
79 79 79 79 79 79
79 79
79 79 79 79 79 79 79 79
79 79 79 79 79 79 79
79 79 79 79 79 79 79 79
79 79 79 79 79 79 79 70
79 79 79 79 79 79 79
79 79 79 79 79 79 79 79
79 79 70 79 79 79 79
79 79 79 79 79 79
79 79 79 79 79 79 79 79
79 79 79 80 79 79 79
70 79 79 79 79 79 79 79
79 79 79 79 79 79 79 79 79
79 79 79 79 79 79
79 79 79 79 79 79
79 79 79 79 79 79
79 79 79 79 79 79 79
79 79 79 79 79 79 79
79 79 79 79 79 79 79 79 79
79 79 79 79 79 79 79 79
79 79 79 79 79 79 79 79
79 79 79 79 79 79 79
79 79 79 76 77 76 76 80
79 79 79 79 79 79 79 79
79 79 79 79 79 79 79 79 79
79 79 79 79 79 79 79 79 71
70 70 79 79 70
70 79 79 79 79
79 79 0 0
