0 79 79 79 79 79 79 79 79
79 79 79 79 79 79 79
79 79 79 79 79 79 70
70 70 79 79 79 79 79 79 79
67 79 79 79 79 79 79 79 79
61 79 79 79 79 79 79 79
67 79 79 79 79 79 79 79 79
52 52 79 79 79 79 70 70 79 76
77 77 77 78 78 51 42 76 79
79 79 79 79 79 79 79
79 79
79 79 76 76 79 79 79 79 79
79 79
79 79 79 79 79 79 79
79 79 79 79 79 79
79 79 79 79 79 79 79 79 79
79 79 79 79 79 79 79
79 79 79 79 79 79
79 79 79 79 79 76 79 80 51
81 51 81 81 81 51 81 80 80
79 81 81 78 81 77 77 76
76 76 79 79 79 79 79 79 79 79
79 79 79 79 79 79 79 79 79
79 79 79 79 61 61 61
61 61 61 61 61 61 61
61 79 79 79 79 51 0 1
0 61 0 0 0 79 79
79 79 79 79 79 0 79 79
79 79 79 79 79 79 79
79 79 79 79 79 79 79 79 79
79 79 73 73 73 73 73 73 73
73 79 79 79 79 79 79 79
76 76 76 28 37 37 37 37 37
37 37 76 76 76 76 76 76 73
73 76 76 76 79 79 79 79
79 79 79 79 79 79 61 61 79
76 76 76 76 79 79 79 79
79 79 79
79 79 79 79 79 79
79 79 46 46 73 73 46 46
79 79 79 79 49 49 49
79 79 79 79 79 79 73 73 20
73 73 39 39 48 48 74 74 73
73 73 73 76 31 76 79
79 76 58 76 79 58 31 58
61 61 58 58 61 58 58
58 58 79 79 79 79 79 79 79
79 79 79 79 79 79
79 79 79 79 79
79 79 79 79 79 79 79 79
79 79 79 79 79 79 79
79 79 79 79 79 79 79 79
79 79 79 79 79 79 79 79 79
79 79 79 79 79 79 79 79
79 79 79 79 79 79 79 79
79 79 79 79 79 49 49 79
79 79 79 79 79 46 46
46 75 73 73 73 73 73 76
76 76 76 79 79 79
79 79 79 79 79 79 79 79 79
79 79 79 79 79 79 79 79
79 31 76 76 76 76
79 79 79 79 79 79 79
79 79 79 79 79
79 79 79 79 79 79 79 79 79 61
76 79 76 76 76 79 79 76
79 79 79
79 79 79 79 79 79 79 79
79 79 79 79 79 79 79 79
79 79 79 79 79 79
79 79 79 79 79 79 79 79 79 79
79 79 79 79 79 79 79
79 79 79 79 79 79 79 79
79 79 79 79 79 79 79 79
79 79 79 79 76 79
79 79 79 79 79 79
79 79 79 79 79 79 79
