71 70 70 67 68 68 71 71 71
71 71 71 71 71 71 71
71 71 71 71 71 71 71
71 71 68 68 0
0 11 11 11 11 71 71
71 71 71 71 68 68 68
68 68 68 68 68 68 40 41
41 71 71 71 71 71 68
41 41 41 41 41 71 68 41 71
71 71 68 71 71 41 50
71 71 53 53 53 53
53 71 71 71 71 71 71 71
71 71 71 71 71
71 71 71 71 50 50 41 41
40 41 67 68 68 68 67 67
68 64 68 41 41 50 50
71 71 71 71 71 71
71 71 71 71 49
52 52 52 52 79 70 70
70 70 41 41 41 41
71 71 71 71 71 71 71
71 71 26 26 26 26
26 26 71 71 71 41 41
41 41 71 71 71 71 71 71
71 71 71 71 71 71
71 71 71 71 71 49
49 49 49 41 41 41 71 41
41 71 71 71 71 71 71 71
71 71 41 41 42 71 71 71
71 71 71 41 32 40 70 41
41 44 71 71 71 71 71
71 71 41 50 71 80 80 41
41 53 53 53 50 41 41 41
41 44 44 71 71 71 71 49 40
40 40 41 71 71 71 71 71 71
71 71 71 71 68 68 68
68 68 68 68 68 68 68 71
41 40 67 70 70 40 71 71
71 71 40 50 50 80
80 71 68 67 68 68 71 70 70 67
67 40 41 41 68 71 71
71 71 67 67 71 71 71 71 41
41 41 41 76 76 76 49 49 49 68
68 68 68 68 68 68 68 49 49 52
49 70 71 71 71 71 41 41
41 41 41 41 41 49 80
76 76 71 71 71 70 70
71 71 70 70 71 71 71 68
41 80 80
71 68 70 70 70 70
71 67 67 67 67 70 70
67 68 67 67 67 67 67
67 67 79 79 79 76 76 76
76 76 74 74 74 67
76 67 67 67 67 67 65 68
68 68 70 68 68 68 77 77 77
77 77 77 68 68 68 68 68
68 77 50 49 50 50 50
50 50 50 50 49 53
52 52 41 71 71 71
71 71 71 71 71 41 41 71
71 71
68 65 68 68 68 68 68 68 68
68 67 68 68 65
65 65 67 67 67 68 68 68 68
68 68 64 67 67 0
79 79 79 79 79 79 79 79
79 79 79 79 79 79 79 79
79 79 79 79 79 79 79 79 79 79
79 79 79 79 79 79 79 79
79 79 79 79 79 79
79 79 79 79 79 79 79
79 79 79 79 79 79 79 79 79
79 79 79 79 79 79 79 79
79 79 79 79 79 79 79 79 79
79 79 79 79 79 79 79 79 79
79 79 79 79 79 79 79 79
79 79 79 79 79 79 79 79
79 79 79 79 79 79 79 79
79 79 79 79 79 79 79 79 79
79 79 79 79 79 79 79
79 79 79 79 79 79 79 79
79 79 79 79 79 79 79 79 79
79 79 79 79 79 79 79 79
79 49 49 49 49 52 52 70
68 68 68 68 68 68 68 68
68 68 68 68 68 68 67 67
71 71 71 62 62 62 68
67 70 71 68 68 68 68 68
68 68 68 68 68 68 68 68 68
68 68 68 42 65 68 68
67 67 67 67 41 40 41
40 40 70 70 70 53
71 50 51 51 81 50 40
40 41 41 41 50 50 42 42 41
41 67 40 40 41 41 40 67 67
68 67 68 68 68 67 68
68 68 68 67 68 68
68 68 65 65 65 68 65
68 71 71 71 67 68 71 71
71 71 71 71 71 71 71 71
71 71 71 71 71 71 79 76
76 76 67 71 71 41 68 41
49 49 49 49 49 49 76
67 64 64 64 64 67 67 67
68 68 68 68 67 71 61
61 62 71 71 71 70 71 50
49 79 79 76 79 79 79 79 79
41 71 71 71 71 71 64
64 62 62 70 49 49 41 41
64 40 64 67 67 67 67 68
71 71 71 71 71 71 71 71
71 71 71 71 71 68 68
68 68 68 71 71 71 71 71
71 71 71 71 71 71 71 71
79 79 79
49 49 49 49 49 49 49 73
49 49 49 49 49 46
46 46 49 49 49 49 49
49 49 67 40 67 67 67 67 67
67 40 40 49 49 40 67 67
67 67 40 40 67 67 67
67 67 67 67 67 67 67 67
67 67 67 40 40
40 40 40 40 40 40 40
40 40 40 40 40 40 40 40
40 40 40 40 40 40 40
67 67 67 67 40
49 41 40 40 67 67
40 40 67 67 67 67 67 67 0 0
