63 62 62 70 70 70 70 71
71 71 62 62 62 71 71 59 59 59 59
58 71 44 61 61 61 70 61 70 52
52 52 53 71
79 79 79 79 79 79 79 79
79 79 79 79 79 79 79 79 79 79 79
79 79 79 79 79 79 79 79 79 79 79
79 79 79 79 79 40 40 40 40 40
40 40 40 40 40 40
40 40 40 19 41 41 41 41 41
41 41 41 41 41 41 41 41 41
79 79 79 79 79 79 79
79 79 79 79 79 79 79 79 79 79
79 79 79 79 79 79
79 79 79 79 79 79 79
79 79 79 79 79 79 79 79 79 80
52 52 52 52 44 43 53
79 79 79 79 79 52 52 52 80 80 80
52 52 79
52 52 52 43 43 62 63 63 52 53
50 49 49 49 49 50 50 50 50 77
77 50 50 49 67 76 77 79 79
79 79 76 76 76 76 77 50 81
80 79 79 79 79 79 79 79
79 79 76 76 79 79 79 79 79 79
79 79 79 79 79 79 80 72 78
81 71 70 79 52 79 79 70 70
70 38 70 68 68 71 68 68 71
71 71 71 71 71 68
68 41 71 71 71 71 71 79 79 79
79 79 79 79 79 79 79 79 78 78
81 81 81 71 71 76 76 49 46 49 79
79 79 80 70 68 81 72 72
81 50 50 50 50 50 50 50 50
50 50 50 50 50 77 80 79 76
76 79 79 79 76 76 80 72
80 79 79 52
52 79 79 43 43 53 79 79
79 79 79 79 52 53 52 52 52 52
52 79 79 70 70 52 52 80 79
79 79 79 79 79
79 79 71 71 71 77 77 77
50 77 77 77 77 80
77 77 80 80
80 79 76 79 79
79 79 79 80 71 70 70 79 70 79
79 79 79 79 79 79
79 79 79 80 79 79 79 80 80 79
79 79 49 49 49 20 19 19
19 19 19 11 10
10 10 10 19 19 19 19
20 20 10 20 20 0 79 79 79
79 79 79 79 79
79 79 79 79 79 79
79 79 79 79 79 79 79 79 79
79 79 79
79 79 79 79 79 79 79 79 79
79 79 79 79 79
79 79 79 80 79 79 79 79 79
79 79 79 79 79 79 79 79 79 79
79 79 79 80
76 76 76 77 77 41 41 77 77
77 50 50 78 77 81 81 77 77 77
79 76 80 79 79 79
79 76 76 76 79 76 79 79 76 76
76 76 79 79 79 79 79 79 79 79
79 79 79
79 79 79 79 79 79 79 79 79 79 79
79 79 79 79 79 79 79 79 79
80 79 79 79 79 79 79 79 79
79 79 79 80 80 80 79 80 80 79 79 79 80
79 79 79 79 80 52 52 79 52 52 43
43 52 52 52
52 52 52 52 52
52 52 52 52 79 81 81 81
26 27 27 27 27 27 53 81
81 81 81 80 80 80 50 49 71
44 1 1 1 1 1 19 19
19 19 1 1 1
1 1 1 -159 1 21 1 79
79 79 76 76 79 79 79 79 79 79 79
79 79 79 70 70 80 80 79
79 79 79 79 79 70 79
67 67 71 71 71 71 71 70
67 40 49 79 71 71 20 77 49 49 49
49 49 52 79 79
79 79 80 80 70 43 53 53 53 53 80
80 53 50 50 53 53 79 79 70 67 70
70 79 79 79 79 79 79 79 79 76 76
71 71 71 77 71 71 71 76 76 79 79
79 79 43 79 79 79 79 76 76 49 79
70 70 80 80
80 50 50 50 80 80 71 80
0 0 0 0 0 0 0 0 0 0
0 0 0 0 0 0 0 0 0
0 0 0 0 0 0 0 0
0 0 0 79 79 67
70 61 58 61 61 79 79
76 76 79 79 79 79 79
79 79 79 79 79 79 79 80
49 49 46 49 49 40 49 40 40 49
49 40 50 50 50 49 49 50 50 50
41 41 41 41 41 41 41
41 41 41 41 41 41 44 44 41 41
41 81 80 80 80 81 81
80 80 50 41 50 50 50 50 50 50 50
50 50 50 50 50 50 44 50 41 41 50 50
41 50 50 50 50 49 50 50 50
50 50 50 49 40 40 49
50 41 44 41 41 41 41 41 41
41 41 41 41 41 41
41 41 41 41 53 49 76 79
79 79 80 79 79 79 79
79 79 19 76 79 79
79 79 79 70 40 70 70 79 79 79
79 1 1
1 1 10 1 1 1 49 79 79 76
79 79 79 79
49 49 46 49 49 76
76 76 79 79 79 49 49 49 49
79 79 80 80 80 80 77 77
77 77 79 79 79 79 79 79
80 80 79 79 79 79 79 79
79 79 79 79 79 79 79 79
79 79 79 79 79 79 76 79 70 52
52 79 79 76 79 79 79 79 71
80 80 79 79 79 79 79 79 79 79 79
79 79 79 80 80
80 79 79 79 79 79 79 79 79 79
79 79 79 79 79 79 79
79 79 79 79 79 79 79 79 79
79 79 79 79 79 79 79 79 79 79
79 79 79 79 79
79 79 79 79 79 79 79
79 79 79 79 11 20 21 21
21 21 0 0 20 20 47 47 0 0
0 0 0 0 0 0 0 0 0
0 0 0 0 0
0 0 0 0 40 50
49 49 49 49
79 79 76 49 49
49 49 49 49 49 67 79 79 79
79 76 79 76 76 76 79 80 80 79
71 52 49 49 49 79 49 49 70
79 79 71 79 79 79 79
79 76 76 76 76 76 76 76
76 76 76 76 76 76 76
76 76 76 76 76 76
76 76 49 49 76 49 49 76
76 76 71 41 40 49 79 79 80 80 71 71 79 76
76 79 79 79 79 79 79 79 79
79 79 79 79 79 79
79 79 79 80 80 80 80 79 79 79 79
79 79 79 79 79 79 79 79 79 79 79
79 79 70 79 79 79 79
79 79 76 79 79 79 79 79
79 79 76 76 76 76
76 76 76
76 76 76 76 76 76 76
79 79 76 31 31 31 31
61 61 67 81 81 80 81 80 79 79
80 80 52 52 79 79 79 79
79 71 79 79 79 79 79
79 79 79 79 79 79 79 79 77 79
79 79 79 79 79 79 79 79 79 79
79 79 79 79 79 79 77 77 71 79
71 71 71 71 80 79 79 70 71 70 79 79
79 79 79 76 70 70 71 71 79
79 79 79 79 79 76 77 76 76
77 77 77 77 41 77
77 77 76 76 76 77 76 76 76 76 76
76 76 76 76 76 79
79 76 76 76 79 76 76 76
76 76 76 76 76 76 76 76 76 79
79 79 79 67 67 76
76 79 76 79 79 79 79 79
79 79 79 79 79 79 79 76
79 79 79 79 79 79 79 79 79 79 79 79 76
76 79 79 79 40 71 79
79 70 70 70 70 71 79 79 79 79 79
79 79 79 79 79 79 79 79
77 77 77 68 41 41 50 49 49 40 41 41
41 41 41 41 41 41 41 41 41 76
76 80 80 71 71 76 76 76 76 76
76 76 76 76 76 76 76 76
76 76 76 79 71 71
80 71 76 68
68 77 68 68 68 71
79 49 19 80 80 80 80 49 49 79 80 49
80 80 76 71 71 71 76 67 70 77
79 79 79 79 79 79 79 79 79 70
79 79 79 76 79 79 79 79 79 79 79 79
79 76 73 73 76 79 79 79 79 79
79 79 79 79 79 79 79 79 79
79 79 79 79 79 79 79 79 79 79
79 79 79 79 79 79
79 79 79 79 70
76 79 79 79 79 79 79 79 79
70 70 79 79 0 0 0 0 79
79 76 76 76 77 0 0 0
0 0 79 79 76 76 79 1 76
79 79 79 70 70 50 50 79 79
71 71 79 79 79 49 71 70
70 71 71 70 79 79 79 79 79 76 79 79
79 79 79 79 79 70
71 41 49 49 49 79 79
79 79 79 70 70 62 61
61 62 62 62 62 62 62 62 62 62 61
62 61 61 71 71 61 61 61 61
61 61 61 62 61 62 62 62
71 61 61 61 61 76 76
77 72 72 72 81 81 81
81 42 42 77
68 68 68 68 67 67 79
79 79 79 79 79 70 70 79 70
79 79 79 79 79 79 79 79 79
79 79 79
49 49 49 70 71 71
71 70 70 70 67
70 70 70 0 0 61
61 70 79 70 71 79 79 79 79
79 79 79 79 79 79 79 79
79 79 79 79 79 79 79 79 79 79 79
79 79 79 79 79
79 79 79 79 79 79 79 79 79
79 79 79 79 79 79
79 79 79 79 79 79
79 79 79 79 79 79 79 79 79 79 79 79
79 79 79 79 79 52 52
52 79 52 52 52 52 52 52 52 70
70 79 79 79 52 79
79 79 52 43 52 52 79 79
79 52 52 52 52 79 70 70 70
79 52 52 52 52 79 70 70 80
79 79 79 70 49 79 79 79 79
79 79 49 49 41 41
41 41 41 49 71 71 41 70 70
79 79 79 79
79 62 62 62 62
62 62 62 62 62 62 62 62 62
62 62 62 61 61 62 62
61 61 62 62 61 61 62 62
71 62 62 62 62 62 62 62 62 62
62 62 62 62 62 62 62 62 62 62 62
62 62 62 62 62 62 62 61 1 1
1 1 1 1 1 1 1 1 1 1 1 1
1 1 1 1 1 1 1 1 62 61 61 61
61 61 61 61 61 61 61 62 62 62 62
62 62 62 62 62 62
71 59 59
59 61 58 58 61 61
61 70 70 61 61
61 61 61 61 61 61
71 71 62 62 61 61
61 61 61 61 61 70 70 79
79 79 70 71 71 71 71 79 79 79
79 71 41 41 41 68 68 71 71 71 71 71
80 80 71
70 71 71 71 41 41 41 70 71 71
71 80 19 19 19 49 49 49
49 49 49 79 79 79 79 79
79 79 79 79 79 79 72 81
81 72 72 72 72 81
81 81 81 81 72 72 72 72 81
81 81 81 81 81 81 81 81
81 81 77 50 50 51 81 72 72 72 72 72
72 72 72
72 72 72 72 72 72
72 72 81 81 81 72 72
72 78 76 76 76 76 76 76
76 76 76 76 1 76 76
76 76 76 76 76 76 76 76
76 76 67 68 51
81 72 81 72 81 72 81
72 77 68 67
49 70 70 70 79 79 79 70
76 79 79 76
79 79 79 79 79 79 79 79
79 79 79 80 70 79 79
71 70 71 79 79 70 79
79 79 79
80 80 80 80 80 79 79 80 80 79
79 79 79 79 79
79 79 79 79 79 79 79
79 79 79 79 71 77
77 77 77 77 77 77 77 76 76 76
76 76 76 76 76 76 76 76 77
77 77 77 77 77
77 77 77 77 77 68 77 77 77
77 77 77 77 77 77 77 77
77 77 77 76 76 76 76 76 76 76 76
76 77 77 76
76 76 77 76 76 76 77 77 77 76
76 76 76 79 79 79 79
79 61 61
70 70 61 70 71
80 71 71 71 71 71 71 71
71 71 71 71 71 71 71 71
71 71 71
71 79 79 43 62 44
79 79 79 79 52 52 52 52 52
52 52 79 79 52 52 52 52 43
34 34 32 62 43
43 43 71 44 44 52 49
79 79 49 79 79 71 71 67
67 67 67 70 67 64 64 67 67 67 70 70
70 70 50 80 80 77
67 67 79 79 79 71 71 79 79 80 80
80 50 50 50 50 50 50 50
50 80 80 80 79 79 79 79 79
79 79 79 79 71
71 70 79 79 43 43 52 52 52 52
52 52 52 43 43 52 52 43
43 52 79
79 79 52 52 79 79 80 71 71 52
52 51 51
50 53 53 50 50 50 50
49 49 50 50
50 50 50 49 49 49 49 49
49 49 49 49 49 49 49
49 46 49 49
50 50 77 79 79 79 79 79 79
79 79 50 50 79 79 79 79 79
76 76 79 79 76 79 76 76 79 79 79
80 80 80 79 76 43 67 67 49
49 49 79 79 79
79 67 76
76 79 79 79 79 70 76 79
79 79 79 79 70 70 79 68
65 65 68 68 68 68 77 77 68 68
65 65 65 68 68 68 77
77 77 77 77 70 79
79 79 76 76 76 77 76 76 76 79 76
79 79 79 70 70 79 79 70 70 70 79
79 79 79 76 70
79 79 70 70 70 79 70 70 58 31 31 31 61 61
61 61 40 40 49 49 49 80 81 80
80 81 81 80 49 49
70 71 62 70 70 79 79 79 79
79 79 79 79 79 79 79
79 79 79 79 79 79 79 79 79 79 79 79 79 79
79 79 79 79 79 79 79 79
79 79 79 71 79 79 79 79 79 79
79 79 79 79 79 79
79 79 79 79 79 79 79 79 79
79 79 79 79 79 79 79
79 79 79 79 79 79 79 76
73 73 73 79 73 73
79 79 79
76 76 73
73 76 76 79 73 76 76 79
73 73 76 73 73 79 79
79 79 79 79 79 79 79 79 79
79 49 79 80 80 71 79
52 26 53 79 79 79 79 71 79 76 70
49 80 70 70 70 70 70 70
79 70 70 79 79 79 70 79
79 79 53 50 71
70 79 79 70 70 70 70 73 73
70 70 70 70 74 80
79 78 71 77 72 68 71 68
77 71 67 76 71
71 76 76 79 79 79
79 79 79 79 79 79 79 79 79
79 79 79 79 79 79 79 79 79 79
79 79 79 79
79 79 80 79 79 79 79
79 79 79 79 79 79
79 79 79 79 79 79 79
79 79 79 79 49 79 71
71 71 80 80 51 51 80 51
50 49 49 49 49 52 70
52 77 50 49 49 40
76 52 49
76 79 79 79 79 79 79 79
79 79 79 79 79 79 79 79 49 79
71 71 79 79 79 71 71 71 41 41 41 41
41 80 80 80 79 79 79
53 53 52 52 53 43 43 43 43
43 43 43 43 43
43 43 43 43 43 43
43 43 80 52 80
80 79 53 53 53 53 81 80 79
80 71 79 79 79 79 79 79 79 79 79
79 79 79 79 79 79 79 79
79 79 79 79 80 79 79 79
79 79 79 79 79 79 79 76
76 52 70 71 80 49 71 71 70
79 41 41 41 41 41 41 41 50
50 50 50 50 50 50 50 50 50
50 50 50 50 41 41 41 41
41 41 41 41
41 41 41 41 41 49 49 41 41 41
41 41 41 41 41 41 50 49 49 40
40 50 80 78 78 81 80 80
80 79 79 79 79 79 79 79 79
79 79 79
79 79 79 79 76 76 76 79 79
79 79 80 79 79 79 79 79 79 79 79
79 79 79 79 79 71 79
79 79 79 79
79 79 79 79 79 79
79 79 79 79 79 79 79 79
79 79 79 79 79 79 79 79 79
79 79 79 79 79 79 79 79
79 79 79 79 79
79 79 79 79 79 79 79
79 79 79 79 79 79 67 49 49 79 79 79 79
71 80 49 49
49 49 49 49 50 50 50 50 49 49
41 32 41 41 49 49
49 79 79 49 49 49 49 49 49
49 71 71 79 79 79 76 70 79
79 79 79 79 79
79 79 80 79 70 79
70 70 79 76 76 79 79 79
79 79 76 79 79 77 77 77 77 77
77 77 79 79 79 79 79 79
79 76 67 71 80 79 79 79
79 79 79 40 10 10 1
10 10 10 10 1 1 10
10 10 10 10 10 10 1
10 10 10 11 10 10 10 10 10
10 10 10 10 10 10 10 10 10 10
77 71 71 79 70 67 77 76
77 81 72 72 68 68 68 68 67 67
40 49 40 49
50 50 41 41 41 50 79
77 71 79 79
79 71 41 41 50 50 51 50 41 41 41 41
68 50 49 49
53 49 49 52 52 43
43 43 34 79
52 52 79 79 71 79 79 76
79 79 79 79 79 79 79 77 0 0
0 0 19 10 11 1
1 11 0
1 1 0 0 0 11 1
1 0 0 0 0 0
0 0 0 0 0 0 0 0 0 0 0
20 20 20 19 19 20 19 19 19
11 11 11 21 21 21 21 21 20 19
19 19 10 10 19 19 19 19 19
19 1 1 1 1 1 1 1 1
1 19 19 19 19 10 10 10
71 70 70 79 79 80 76 76 76 76 76 79
76 76 76 76 76 71 79
79 79 79 79 79 79
79 76 76 77 79
79 79 79 79 79 79 79 80 79 79
79 79 80 80 80 80 80
80 79 79 79 79 79 80 53 71
63 63 71 71 71
62 62 71 71 80 71 71 71
71 62 71 71 71 70 70
70 70 67 67 67 67 71 79 79 79
79 79 79 79
79 79 79 79 79 79 79 79 79 79
79 79 79 79 79 79 79 77 70 70
68 77 76 76 70 70
76 76 79 71 71
49 49 79 79 79
79 79 76 76 76 76 70
70 80 80 81 81 81 41 41
41 41 41 41
71 71 71 71 41 50 49 52 53 44
44 41 49 43 62 62 61
62 68 68 71 62 62 71 71 68 68
70 70 70 70 79 71 79
79 79 79 79 70
79 70 79 70 79 79 76 76 76 77
78 77 68 70 79
79 79 70 70 79 70
79 79 52 52 52 79 79 79 79
79
