80 80 76 76 76 79 79
79 79 52 50 50 50 53
50 50 50 80 50 41 50 49
40 79 79 80 68 43
70 71 79 79 79 41 44 41
40 40 43 43 43 43 43
70 70 70 49 50 50 50
71 71 71 49 49 49
50 50 41 41 41 41
44 71 71 71 71
50 77 77 80 80 80 80 80
79 49 41 67 67 70 43 70 43
49 49 79 52 49 49
49 71 0
0 0 0 49 41 71 71
71 71 71 71 68 68 68
67 68 68 68 68 68 67 68
71 71 71 71 71 71 71
77 77 50 41 76 76 80 80 80
80 80 53 53 53 50 68
53 53 71 71 71 71 71
71 71 70 70 67 67 67
67 67 67 67 67
71 71 41 76 49 49 41
41 71 71 40 40 40 40
40 40 20 20 20 20 20
47 79 79 79 49 41 41
40 40 40 40 70
70 50 50 79 79 40 43
70 49 52 52 52
52 49 40 67 67 76 76 73
76 76 76 76 79 52 26 26 26
52 79 70 70 67 67 64 64
64 67 40 68 41 40 40 40
40 40 67 67 67 40
67 67 67 67 71 76 76 76
76 77 76 79 79 79
76 76 76 76 76 76 76 73 76
76 76 76 76 76 76
77 77 77 79 79 79 80 80
80 80 80 80 76 50 41
41 41 71 71 71 71 49
49 49 41 71 71 71 71
71 0 41 41 49 49 49
49 46 19 22 49 49 49 49
49 49 49 49 49 49 49
49 49 49 49 49 49
49 49 49 49 49 49
49 49 49 49 49 49
49 49 50 50 50 49 49 49
49 49 49 49 49 49 49 49 50
50 50 49 49 49 49 49 50
50 49 49 49 49 49 49
49 49 49 49 49 49 49 49 49
49 49 49 49 49 49 50 50 49
49 41 37 38
38 38 41 38 49 49 49
49 49 41 49 49 49
49 41 41 40 41 49 49 49
49 49 49 49 49 49 49 49 49 49
49 49 49 49 49 49
49 49 40 40 37 37 37
37 37 46 46 46 46 46 46
49 49 49 19 41 40 49 49
49 49
49 49 49 49 49 49 49 49 49
50 50 49 49 49 49
49 49 49 49 49 49 49
49 50 49 49 49
49 49 49 49 49 49
49 49 49 49 49 49 49
49 49 49 49 49 49 49 49
49 49 49 49 49 50 50
49 49 49 49 49 49 49
49 50 50 49 49 49 49
49 49 49 49 49 49 49
49 49 49 49 49 49 49
49 49 49 49 49 49 49 49
49 49 49 49 49 49 49 49 49 49
49 49 49 49 49 49 49
49 49 49 49 49 49 49 49 50 50
50 49 49 49 49 49 49 49
49 49 49 49 49 49 49 49
49 49 49 49 49 49 50
49 49 49 49 49 49 49
49 49 49 49 49 49 49
49 49 49 50 50 50 50 50
50 50 49 49 49 49 49 49 49
50 50 50 49 49 49 49
50 50 50 50 49 50 49
49 49 49 49 49 22 49 49 49 49
49 49 49 49 49 50
49 49 49 50 49 49 49 49
49 49 49 50 50 50 50
50 50 50 50 50 49 46 49
50 49 46 46 46 49 50
50 50 50 14 22 23
49 49 46 46 46 49
49 49 49 50 49 49
49 49 49 50 50 50 41 46 46
46 46 50 41 22 22 22
22 50 46 46 19 46 46 46 49 50
49 49 49 49 49 49 49 49
46 46 46 46 41 50 50
49 50 50 49 50 50 49
49 50
50 50 22 22 23 50 50 50
50 50 50 23 50 50 50 50
49 19 38 19 19 19 19 19 19
19 19 19 19 19 50 50 41
41 50 50 41 49 49 49 41 50
49 49 50 50 50 50 50 50 23
23 23 23 23 23 23
23 23 19 19 19 19 19
19 37 37 37 37 46
46 46 46 46 46 38 37 37
49 49 49 49 19 19 19 19
19 19 19 19 19 19 50 50
50 46 46 46 37 37
50 49 49 49 49 49 40 49 49
50 50 50 50 50 50 49 50 50
50 50 49 50 50 50 50 50
50 49 50 50 50 49 49 49 49 49
19 19 19 19 19 19 19 19 19
19 49 46 46 46 46 49
49 41 38 38 41 50
40 49 49 49 46 40 40
40 40 40 40 49 49 40 41 41
38 46 37 37 50 46 46 46
49 50 50 37 19 49 50 50
50 50 49 49 41 50 41 50 46
49 49 49 49 49 46
46 46 37 37 50 50 50 50
50 50 50 46 46 49 49
50 20 20 20 20 10
37 41 41 41 41 46 46
46 46 46 49 49 49 46 23
23 23 23 50 40
46 46 46 46 46 46 37 49 49
22 49 49 49 46 46 49 41 41
40 37 37 50 50 49 49 49 49 49
46 19 46 46 46 46 50 50
50 49 49 49 49 50 22 23
23 23 20 20 20 20
50 50 50 19 19 19 19
19 19 19 19 50 50 37 37
46 19 20 20 20 50 23
23 23 23 50 19 19 19 46 37 37
37 50 50 50 50 50 50 50
50 50 50 41 49 49 49
49 46 46 46 46 11 38
50 49 49 46 49 50 49
50 50 49 19 19 19 19 50 49
40 46 41 49 49 49 49 49
49 37 40 40 40 46 46 46 46
46 46 46 46 46 40 46 46 46
50 50 50 50 50 46 46 49 49 49
46 46 46 50 49 50 50 50
50 49 49 50 38 38 19 19 19
19 19 19 19 50 41 20 20
20 20 21 21 21 21 23
23 23 23 22 23 22 22 22 22
22 22 22 22 22 19 19
19 19 19 19 19 49 49 50
49 49 40 50 50 47 46 46 46 46
46 37 37 37 37 19 23 23
23 23 50 41 50 38 49 41 50
50 50 50 11 20 20 20 41
19 19 49 49 49 46 50 41
41 41 11 20 19 19 46 46 50
50 50
41 41 46 46 50 49
50 50 50 50 49 37
37 37 19 19 46 49 41 50
49 49 37 37 37 40 40 46 46
46 50 50 50 50 49 50 50 50
46 46 46 50 50 50 49
49 50 49 49 19 19 19 19
19 19 49 49 49 49 46 46
46 49 49 46 46
46 46 49 49 49 49 49 49
49 46 49 50 49 49 50
49 49 49 49 49 49 49 49
50 49 49 49 49
49 49 49 49 49 49 50
79 49 49 49 49 49
49 50 49 49 49 49 49
49 49 49 49 49 49 49
49 50 49 49 49 49 49
49 49 49 40 40 49 49
49 49 49 49 49 49 49 49 49
49 49 49 49 22 22 49 40 40
40 40 40 40 49 49 49
49 49 49 49 49 49 49 49
49 49 49 49 49 46 49 49 49
49 49 49 49 49 49 49 49 49
49 49 49 49 49 46 49
49 49 49 49 49 49 49 50
47 20 20 20 20 20 41 40 37 41
46 46 50 50 49 49 50 50 50
49 49 40 50 50 46 50
50 50 50 49 41 41 41 50
50 50 50 37 40 40 40 50
49 50 49 49 49 49 49 49
50 50 23 50 50 50 50 50
19 19 19 19 19 46 46 41 41
49 49 49 49 22 41 41 19
19 19 19 19 19 19 50 50 50 49
49 46 46 46 50 49 50 50 50
49 49 49 50 50 50 49
49 49 50 50 49 49 49
49 49 49 50 50 50 49 49 49
49 49 49 49 49 49 49 49 49
49 49 49 49 49 49 49
49 49 50 49 49
49 49 49 49 49 49
49 49 49 49 49 49 49 22 22 22
49 49 49 49 49 49 49 49 49
49 49 49 49 49 49 49
49 49 49 49 49 49 49 49
49 49 49 49 49 49
49 49 49 49 49 49 49 49
49 49
49 49 49 49 49 49 49 49 49
49 49 49 49 49 50 49 79
79 49 49 49 49 49 49
49 49 49 49 49 49 49 49 50 49
49 49 49 49 49 49 49 50
50 50 49 49 49 49 37
37 37 37 37 37 37 37 37 37 37
10 49 50 50 49 49 46
50 49 50 50 49 49 49
46 46 49 46 49 49
49 50 41 50 50 50 50 47
40 40 37 37 10 10 37
37 49 49 49 46 46 49 50
49 49 49 49 50 49 50
49 49 49 49 49 49 50 50
49 49 49 49 49
49 49 50 41 41 41
41 49 41 50 50 50
46 49 41 41 19 19 49
50 79 53 53 50 50 50 50
50 50 50 50 38 37
37 40 41 49 49 46
49 49 46 46 46 46 49 49 49
49 46 49 49 49 49 49 46 46
46 19 19
50 46 46 46 38 38 11 38
37 37 41 37 37 50 41 46
19 46 46 49 49 49
49 46 49 49 49
49 49 49 49 49 49 41 46
49 49 49 49 49 41 49 50 40
40 49 50 50 50 50 49 49 49
49 49 49 49 49 49 50
49 41 38 37 41 50 50 50 50
50 41 49 49 49 46 46
46 46 46 46 41 41 41
41 20 40 40 37 38 37 37
37 37 40 49 41 49 49
49 49 49 49 49 49 49 49
49 49 49 49 49 49 49 49
49 41 41 47 50 41 41 23 23
22 22 22 22 23 19 49 49
49 49 49 49 49 49 19
19 19 50 49 49 49 49 49
49 49 49 40 40 37 40 50 50
49 49
50 50 50 46 46 46 19 46 46
46 49 49 46 19 46
46 46 46 46 40 37 37 49
49 41 20 20 20 20 20 20
21 21 20 21 21 21 21 50 41 41 41 50
19 41 46 46 50 50 50 50
37 46 46 46 46 46 46
46 37 1 49 49 49 49 46
46 49 49 49 49 49 49
49 46 49 49 49 20 23 23
50 20 20 23 23 50 50 46 46
46 46 46 46 46 46 46 46
19 19 19 19 19 19 19 50 23 23
23 23 23 23 23 23 23 23
50 50 41 49 19 19 19 19 19 19
19 19 41 41 50 50 19 19 19
19 40 49 49 49 49 49 49 40
41 50 40 19 50 50 50
50 47 46 46 50 46 49
50 50 49 49 49 22 19 40
40 40 40 37 40 20 23 23
50 50 50 49 49 49 20 50
50 19 49 41 49 49 49 49
49 49 49 23 23 23 23
50 23 22 19 19 19
19 19 19 19 19 19
19 23 23 23 23 23 19
19 49 22 22 22 19
19 19 46 50 50 50 50
50 50 50 50 19 19 19 19 19 19
19 19 19 19 19 19 19 19 19
19 19 19 19 19 19 10 10
10 10 10 10 10 10 49 49 50
23 11 14 23 23 23 23 23 23
23 23 23 21 21 21 20
50 23 23 23 23 20 20
20 23 23 23 23 23 20 20
19 19 19 46 19 49 49 40
40 19 19 10 40 37 50 49
49 46 46 46 46 37 19 19
19 19 19 19 19 19 19
46 46 40 40 49 49 49
49 49 49 49 50 50 50 41 20 21
24 23 20 20 50 50 19 19
49 50 50 50 50 49 46
46 46 46 46 49 49 49 50
50 50 50 50 50 50 50 50
50 50 49 46 46 46 46
49 50 50 46 19 19 19 46 19
22 37 37 50 50 50 50 38
46 46 46 46 46 46 46 46
46 49 49 40 40 40 46 46
46 46 46 46 46 46 50
50 50 50 50 50 50 50
50 46 46 50 50 23 23
23 23 23 23 50 49
46 46 46 49 50 46 37 49 46
49 49 49 50 49 46 50
50 49 49 49 49 49 49
20 20 50 37 50 49
49 49 49 50 50 49 49
49 49 22 22 22 49 49
49 22
22 22 22 22 22 22
22 22 22 22 22 77 77 77
77 77 77 77 77 77 77 77 77
77 77 77 77 77 77 77
77 77 77 80 80 76 79 79 79
46 41 41 40 68 41 67 41 41
40 41 40 40 40 40 40
40 40 40 40 40 40 40 40
40 40 40 40 40 40 40 40
40 40 40 38 38 38 38
49 49 49 49 37 46 38
38 37 41 40 49 40 40
46 46 46 46 37 46 46 46 46
46 46 37 41 41 40 41 41 40 40
41 41 41 41 41 41 40 40
40 49 40 38 47 47 47 47
47 47 47 47 47 47 47 47
47 47 47 47 38 38 38 38
38 38 38 38 38 38
38 47 41 40 40 40 40
40 41 40 41 41 41 41 40 41 41
41 41 40 40 41 41 41
40 41 41 41 41 41
41 41 41 40 41 41 41 41 40
40 49 49 49 49 49 49
40 40 41
40 40 40 40 40 41 41 41
41 41 77 76 76 76 68 68
49 40 49 49 40 40 40 40
40 41 49 49 49 49 49 49 49 49
49 49 49 49 49 49 50 50
50 42 42 42 42 42 41 41
41 41 41 41 41 41 41 42 42
42 41 41 41 41 41 50 50
41 41 41 41 41 41 41 41 41
41 41 41 41 41 50 41 41 41
41 41 41 41 41 41 41 46 46
49 41 41 41 41 41 41 41
41 41 41 50 50 41 41
49 49 50 50 50 41 50 50
50 50 50 50 50 50 50 50
50 50 50 49 50 50 50 41
41 41 50 50 49 50 49 49 50
50 49 50 50 50 50 50 50
50 50 50 50 50 49 50
50 50 50 50 50 50 50
50 41 50 49 50 50 50
50 50 41
41 49 49 49 49 49 46 41
40 40 49 49 41
41 41 40 40 40 49 49 49 49 40
40 40 49 40 40 41 41
41 50 41 41 41 49 50 50 50
49 49 49 49 49 49 49 40 41
41 41 41 41 41 41 41 41
41 41 41 50 41 41 41 41
41 49 41 50 49 49 49 49 49
41 50 49 49 49 50 49 49 49
46 19 46 19 19 46 49
49 49 41 41 40 40 40
40 40 40 50 41 50 49
49 49 49 49 49 49 49 50
49 49 49 50 50 49 49
49 49 49 49 49 49 49 49
49 49 49 49
49 49 49 49 22 19 19
50 49 49 49 49 49 49
49 49 50 41 49 49 49 49
49 49 50 50 50 49
40 41 41 41 50 50 49
41 49 49 49 49 49 49 49 49
49 41 41 41 41 41 41
41 41 40 40 40 40 41
41 41 41 49 49 49 49
49 49 49 49 49 49 49
49 49 49 49 49 49 50
49 49 49 49 49 49 49
49 49 49 49 49 49 49 49
49 49 49 49 49 49 49 49 40
49 49 49 49 49 40 50 40
40 40 40 40 40 40 40
49 49 49 49 49 49
49 49 49 49 49 49 49
49 49 49 49 49
49 41 41 50 50 50 50
50 50 50 50 50 40 50
50 50 50 41 41 41 49
49 49 49 49 49 49
49 49 50 50 50 49 49
49 49 49 40 40 49 41 40
40 40 40 40 40 49 49 49
49 40 40 40 40 49 49 40
40 40 40 49 49 40 40 40
49 49 49 49 49 49 49 49
49 40 49 49 40 41 40
40 40 40 49 49 49 40 40
40 40 40 40 40 40 49 49
49 49 49 49 40 40 41
49 49 49 49 50
49 49 40 40 40 50
41 41 41 41 49 49 49 49
49 49 49 49 49 49 49 49 49
49 49 41 41 41 41 41 40
31 40 49 49 49
49 49 46 46 46 46
49 41 40 49 49 49
49 50 50 49 50 50
41 40 40 41 49 49
49 49 49 49 41 41 41
40 40 38 38 38 47
47 41 41 41 40 41 41 41
41 41 41 41 47 41 41 41
41 41 41 41 41 41 41 41 41
41 40 40 40 40 40 40 40 40
40 41 40 40 47 46 37 38 38
38 38 38 38 38 40 40 40 40 40
40 40 40 40 40 40 40 37 46 46
37 40 37 41 47 46 46 38 38
38 38 38 37 37 32 32 32 41
41 41 41 41 41 40 41 41 41
41 41 41 41 41 37 46 46
46 46 46 37 40 40 41 41
41 40 40 41 40 40 40 40
40 40 40 40 40 50 50 50 50
50 41 41 49 46 46 46 46
46 49 49 40 46 46 40 46 49
40 49 40 49 49 49 49
49 49 49 49 49 49 49 49 49 49
49 49 46 49 49 49 49
49 46 46 49 49
49 49 40 49 46 49 49
49 49 49 49 40 40 49 49 49
49 49 49 49 49 49 40
49 40 40 40 49 49
40 46 47 47 46 46
46 46 46 47 47 47 46 47
47 37 37 37 38 37
37 41 41 41 41 41 41
37 37 40 40 40 40 40 40
49 40 49 40 40 40 40
40 40 41 41 41 41 41
41 41 40 40 40 40 41 40 40
40 49 49 49 49 49
49 49 40 41 41 41 41 41 41
41 41 41 41 41 41 41
41 41 41 41 40 40 40
40 40 40 49 49 49 49 49
49 49 50 41 41 41 41 41
41 40 41 41 41 41 41
41 41 41 41 49 40 40 40
40 40 40 40 40 41 41
50 50 41 41 40 40 41
41 41 41 41 41 41 41
40 37 37 37 37 40 41 40 46
46 46 46 46 46 49 49 41
41 49 49 49 49 49 49 49 49 40
49 37 40 41 41 41 41
47 41
49 40 40 49 49 49 49
49 49 49
49 49 49 49 49 49 49 49 49
40 40 40 40 40 49 41 41 41
41 41 29 41 41 41 41 41 41 32
41 37 33 33 41 32 41
32 32 32 32 32 32 32 32
32 32 41 47 47 38 47
47 38 41 42 42 41 41 41 41
41 41 41 41 41 41 41 41 41 41
41 41 41 41 41 41 41 41
50 41 41 50 50 41
41 50 50 49 41 41
41 41 41 41 41 49 49 41
41 50 49 49 49 49 49 49
40 40 40 40 49 49 49
49 50 49 49 49 46 50 50 49
49 49 49 49 49 49 49 49 49
49 49 49 49 49 49 49 49
49 49 49 49 49 49
49 49 49 49 49 49 49 49 49 49
49 49 49 40 49 49 49
49 49 49 40 49 49
49 49 49 49 49 49 50
50 41 41 41 41 40 41
41 41 49 49 49 49 49 49 49 49
49 49 49 40 40 50
41 40 40 41 49 49 49 50 41
40 40 40 40 40 49 49
49 49 40 40 40 40 40 40 49
49 40 40 49 49 49 49
49 11 14 14 14 14 14 11 11 14
3 3 32 30 41 40 41 41
41 41 41 41 41 41 41 41 49
50 41 41 41 41 41 41 41
41 41 41 41 41 41 41 41
41 41 41 41 41 41 41 41
41 41 41 41 41 41 41
41 41 41 41 41 41 41
41 41 41 41 41 41 41 41 41
41 41 41 41 41 41 41 41 41
41 41 41 41 41 41 41 41
41 41 41 41 41 41
41 41 41 41 41 41 41 41
41 41 41 41 41 41 41 41 41
41 41 41 41 41 41 41 41
41 41 41 41 41 41
41 41 41 41 41 41 41
41 41 41 41 41 41 41
41 41 41 41 41 41 41 41
41 41 41 41 41 41 50 50 50
50 41 41 41 41 40 41 40 40 41
50 50 50 50 41 41 41 41 41
41 41 41 41 41 41 41 41
41 41 41
41 41 41 41 41 41 41 41
41 41 41 41 41 41 41 41
41 41 41 41 41 41 41 41
41 41 41 41 41 2 11 12
12 14 14 14 50 49 49 49
49 50 50 50 50 50 41 50
50 49 49 50 50 41 41 41
41 41 41 41 41 41 50 41
41 41 41 50 50 50 41
41 41 41 50 41 50 50
50 50 50 50 50 50 50 50
50 41 50 50 41 41 41 41
41 50 50 50 41 41 50 40 40
41 41 41 41 40 40 49
49 40 41 41 49 49 49
41 41 41 41 49 41 41
41 41 41 41 41 41 41 50
50 50 50 50 50
49 49 50 50 50 50 50 49
49 49 49 49 49 49 49
50 50 50 50 50 50 49
49 50 50 50 49 49 49 49 49
41 41 41 41 41
41 49 49 38 13 11
11 14 11 38 29 38 41 42
41 41 41 49 50 41 41 49
50 50 50 50 41 50 50
49 49 49 49 49 49
41 50 41 41 41 41
41 41 41 41 41 41
41 50 50 49 50 49 41
41 41 41 41 41 41 41 50
50 50 50 41 41 41 41
41 41 50 50 50 50
50 50 50 50 50 50 50 50 50
50 50 50 50 50 50 50
50 50 50 41 41 41 41 50
50 50 50 50 41 41 41 41
41 41 41 41 41 41 50
50 50 50 50 50 41
41 41 50 50 50 50 41
41 41 41 50 41 41 41 41 50
42 50 50 50 41 50 50 50
41 41 41 41 41 50 41 41
41 50 50 50 50 41 50 41 41 41
41 41 41 50 50 50 41 50
50 41 50 50 50 41
50 41 40 41 41 41 41
41 41 41 41 41 41 41 41
41 41 41 50 50 41 41
41 41 41 41 41 41 41 41
41 41 41 41 41 41 41
41 41 41 41 38 37 38 29
32 41 41 41 41 41 40 40 40
40 49 49 40 40 40 40
40 31 40 40 40 40 40 40 40
40 40 40 46 37 37 37 37
46 46 46 46 46 47 47 47
46 47 38 30 38 46
49 40 40 40 40 40 40
40 40 40 40 40 40 40 40 46
49 49 49 40 37 40 40
40 40 40 41 40
41 41 41 47 47
38 38 41 32 32 32 41
41 41 41 41 41 41 32
41 32 41 41 32 32 29 47
38 38 41 41 41 41 40
37 37 37 37 37 37
28 28 37 28 28 40 32
41 41 41 41 41 41 41
41 41 41 41 41 41
41 41 41 41 41 41 41
33 41 41 41 41 41 41 41
41 41 41 41 41 41
41 40 40 40 40 40 41
41 41 41 41 41 41 41
41 41 40 40 40 40 41 41
41 41 41 41 31 41 32 32
32 32 41 41 41 41 41
41 41 41 41 41 41 41 41
41 41 41 41 41 41 41 41
41 41 31 31 40 31 41
41 37 31 28 28 31 31 28
37 32 40 32 41 41 41 32
32 41 41 32 41 41 41
41 41 41 41 41 41
41 40 40 32 41 32 32 41
41 41 32 41 41 41 41 41 41
41 41 41 41 41 41 41 41 41
41 41 41 41 41 41 41
41 41 41 41 41 41
41 41 41 41 41 41
41 41 41 41 41 41 41 41 41
41 41 41 41 41 41
41 41 41 41 41 41 41 41
41 41 41 41 41
41 41 41 41 41 41
41 41 40 41 41 41 41 41
41 49 49 49 40 49 49
49 50 41 40 41 41 41 41
41 41 41 41 41 41 41 40 41
41 41 41 41 41 41 41 41
41 41 41 41 41 41 41 41
41 41 41 41 41 41 41 41 41 41
41 41 41 41 41 41 41
41 41 41 41 41 41 41 41 41
41 41 41 41 41 41 41 41
41 41 41 41 41 41 41 41
41 40 40 41 40 40 41 41
40 40 40 40 40 40 32 32 41
41 41 41 40 40 32 41
32 40 40 40 40 40 40
41 41 41 41 41 41 41 41
41 41 41 41 41 41
41 41 41 41 41 41 41
41 41 41 41 41 41 41 41 32 32
32 41 41 41 41 41 41
41 41 41 41 32 41 41 41
41 41 41 41 41 41 41 41 41
41 41 41 41 41
40 40 41 41 40 49
40 40 40 49 49 40 49 40
49 49 49 49 41 41 41
41 41 40 40 41 40 40 41
41 41 41 41 41 41 41 41
41 41 41 41 41 41 41 41
41 41 41 41 41 41
41 41 41 41 41 41
41 41 41 41 41 41 41 41 41
41 41 41 41 41 41 41 41
41 41 32 41 41 41 41 41
49 49 46 40 49 29 41 41 41 41
41 41 41 41 41 41 41 41 41
41 41 41 41 41 41 41
41 41 41 41 41 41 41
41 41 41 41 41 41 41 41
41 41 41 41 41 41 41 41
41 41 41 41 41 41 41
41 41 41 41 41 41 41
41 41 5 32 41 41
40 40 40 40 40 40 40 40 40
40 40 40 40 40 40 40
37 37 40 40 40 40
40 40 40 40 40 40 40 40 40 40
40 40 40 40 40 40 40 40 40
40 40 40
40 40 40 40 40 40 40
40 40 40 40 40 40
40 40 40 40 40 40
40 40 40 41 32 41 41
41 41 41 41 41 41 41 40 40
40 40 40 40 41
41 41 40 40 40 41 41
41 41 41 41 40
40 40 40 40 40 40 41 41
40 40 40 41 41 41 41 41
41 41 41 41 41 41 41 41
50 51 51 42 51 50 41
42 50 50 51 51 50 49 49
49 49 49 49 49 46 49 49
49 49 49 49 49 49
49 49 49 49 49 49 49 49 49
49 49 49 49 49 49 49
49 49 49 49 49 49 49
49 49 49 49 49 49 49 49
49 49 49 49 49 49 49 49
49 49 49 49 49 49 49 49
49 49 49 13 13 13
13 13 13 13
13 13 13 13 13 13 13 13 13
13 10
5 49 49 49 50 40 40 40 40
38 38 40 40 40 40 40 40
40 40 40 40 41 40
40 41 32 41 32 41 41 41
41 41 41 41 41 41 41 41 41
41 41 41 41 41 37 37 46
37 37 46 46 40 49
49 46 46 46 46 49 49 49
46 46 37 37 37 46
49 46 46 40 40 49 49
46 49 40 37 37 49 49 46 37 40
40 40
40 40 40 40 40 40 40 40 40 41
49 49 49 49 21 6
33 33 41 41 41 41
41 40 41 41 41 41 41 41 41
41 41 41 41 32 32 32
32 32 32 41 41 41 41
32 32 32 41 32 37 37 37
37 37 37
41 41 41 41 41 41 41 41 41
32 32 32 32 32 32
32 41 41 41 41 41 32 32 32
32 32 32 32 32 32 32 32 32
32 32 32 32 32 32 41 32 41
41 50 46 37 1 14 41
41 38 38 38 47 14 10 10 10
37 46 46 46 46 46 46 46
49 49 49 41 41
41 50 41 41 51 50
42 42 42 42 42 42 42 42
42 42 42 51 51 51 51 51
51 42 42 42 42 42 42 42 42
51 51 51 51 51 51 51 51
42 50 50 50 51
51 51 51 51 42 42 42 42
42 51 51 51 51 51
51 42 51 41 41 41 41 41
41 42 42 51 51 51 51 51 51 51
51 51 51 42 41 41 41
42 41 41 41 41 41 50
50 50 50 50 50 42 41 50 41
41 41 41 41 42 42 42 41 41
41 41 42 42 41 41 41 41
41 41 41 42 41 41 41
41 41 41 50 41
46 46 46 50 50 50 49
49 49 49 49 49 49
49 49 49 49 49 49
49 49 49 49 49 49
49 49 49 49 49 49
50 47 47 47 50 50 50 50
50 50 46 46 46 49 49 49 49
49 49 49 49 49 49 49 49 49 37
37 41 37 37 37 40 40
40 40 46 46 40 41 40 49
49 40 40 40 50 50 50
50 24 50 51 50 51
50 50 49 49 49 50
50 41 41 41 41 41 41
41 41 41 41 41 50 50
50 50 49 49 49 49 49 49
49 49 49 49 49 49 49 49 49
49 49 49 49 49 49 49
49 49 49 49 49 49
49 49 49 49 49 49 49 49
49 49 49 49 49 49 50 50
49 49 49 50 49 49 49
49 49 49 49 49 49 49 49 49
49 49 49 50 49 49 50 41 41
40 40 32 32 32 41 40 40
41 41 41 41 41 41 49
49 40 41 41 41 41 41 41
41 41 41 41 41 41 41
41 41 41 40 41 41
41 41 41 41 41 41
41 50
50 41 41 41 41 41 41
41 41 41 41 41 41
41 41 41 41 41 41 41 41
41 41 41 41 41 41 41 41
41 41 41 41 41 41 41
41 41 41 41 41 41 41
41 41 41 41 50 41 41
41 41 41 41 41 41 41 41 41
41 41 41 41 41 40 40 40 41
41 41 41 49 49
41 50 49 41 40 40
40 40 40 40 41 50
50 41 50 50 50
41 41 41 41 41 49 49
40 49 49 40 49 41 41
41 41 41 40 40
41 40 40 40 41 41 41
41 41 41 41 41 41 41 41 41
41 41 41 41 41 41 41 40 40
41 41 41 41 41 41 41 41 50
50 50 41 41 41 41 41 41
41 41 41 41 41 41 41 41
41 41 41 41 41 41 41 41 41
41 41 41 41 41 41 41
41 41 41 41 41 41 41
41 41 41 41 41 41 41 41
41 41 41 41 41 41 41 41
41 41 40 41 40 49
49 41 50 50 41 41
41 41 41 50 50 50 50 40
40 40 40 40 40 40 40 41
41 41 41 40 40 40 41 41 41
41 50 41 41 41 50 41
41 41 41 41 50
50 50 41 50 49
40 50 50 50 50 50 50
50 41 41 41 41 41 41 41
41 38 40 41
41 40 40 40 40 40
41 40 41 41 41 41 38 38
11 11 41 41 41 11 47
47 47 46 46 46 46 46 46
46 40 41 28 31 37
37 37 37 37 40 40 28 37
40 32 32 40 40 37 40 40 14 40
40 40 37 40 40 40 40
40 41 40 40 41 41 41 40
40 40 40 40 40 40 41 49
49 40 40 49
49 40 40 41 40 40
40 40 40 40 40 41 41 40 41
40 40 40 41 41 40 40 41 41
49 40 41 41 41 40 40
40 40 40 40 40 40 40
41 40 40 40 49 49
49 49 40 40 49 49 40
40 41 41 40 40 41 49
49 49 49 40 40 40 40 40
40 40 40 40 40 40 41
41 41 49 40 40 41
41 41 41 49
49 40 49 40 40 40 41 40
49 40 49 40 40 49 49 49
40 40 40 40 49 49 49 49
49 49 49 49 40 40 40 40
40 40 40 40 40 40 40 40 40 40 40
40 40 40 49 40 49 40
49 49 49 49 49 49 49
49 49 49 49 49 49
49 40 40 40 40 40 40 40
40 40 49 40 40 49 49
49 49 49 49 22 49 19 19
46 19 19 49 49 49 49 49
49 49 49 49 49 49 49
49 49 49 49 49 49 49 49
49 49 49 49 49 49 49
49 49 49 46 46 49 49 49
49 46 40 46 49 49
49 49 49 49 49 49
49 49 49 49 49 46 46
46 46 46 46 49 49
49 49 49 49 49 49 49 49
49 49 49 49 49 49
50 50 50 50 49 50
50 50 50 50 50 41
41 41 50 50 50 50
41 41 40 40 40 40
50 49 32 41 41 5
32 41 32 31 40 40 49 49 49
52 67 41 40 40 41 41 41 41 32
32 32 31 28 28 37 37 37 37
37 37 37 37 37 37 37 37
40 37 40 40 40 40 40 40 40
41 40 41 40 40 40 40 40
40 40 40 40 40
40 40 40 40 28 40
41 31 40 40 40 41
40 40 31 40 40 40
40 40 40 40 40 40 31 31 41
41 41 40 31 32 32 41 40
40 40 41 41 41 40 41 40
31 40 41 41 32 41 41
41 40 40 67 67 41 41
50 49 49 49 49 49 49 49 49
49 49 49 49 49 50
49 50 50 40 40 49 49
49 49 49 49 49 49 49 49
49 49 49 49 49 49 49 49 50
50 50 40 40 40 40 40 40
40 40 49 49 49 49 49
49 49 49 49 76 76
49 49 49 40 49 49 49 49 49
49 49 40 49 49 49 49
49 49 50
50 49 49 49 49 49 49 49
49 49 49 49 49 49
49 49 49 49 49 49 49 49 49 49
49 49 49 40 40 49 49 49
40 49 49 49 49 49 49 49 49
49 49 49 49 49 49
49 49 49 49 49 49 49 49 49
49 49 49 49 49 49 49 49 49
49 49 49 49 49 49
49 49 49 49 49 49
49 49 46 46 49 46 46
40 40 40 49 40 40 40 40 40
40 40 40 40 49 49 40 40
40 49 40 49 49 49 49 49
49 49 49
49 49 49 49 49 49 49 40 40
40 40 40 41 41 41 41 41
41 41 41 41 41 41
41 41 41 41 41 41 40 41
41 41 41 41 41 40
41 41 41 41 41 41 41 41 41 14
41 41 41 40 40 40 50 41
42 33 33 33 32 41 41
41 49 49 40 40 40 40 40 41
41 40 40 41 41 41 41 37
38 41 41 41 41 40 40 40
40 41 47 47 47 47 47 47
47 47 47 47 47 47 47
47 47 47 47 47 47 47 47
47 47 47 47 47 47 20 20
20 47 47 20 20 47
47 20 20 20 20 20 20
20 20 20 20 20 20
47 40 40 31 31 31 40
40 40 40 40 31 31 40 49 49
40 40 40 49 49 49 49 49 49
49 49 49 49 49 49 49
49 49 49 49 49 49 49 49
49 49 49 49 49 49 49 49
49 49 49 49 49 40 40 40
40 40 40 40 49 49 41 41 41
41 41 41 41 50 50 41
41 41 41 41 41 41 41 41 41
41 41 41 41 41 41 50 50
50 50 50 50
50 49 50 50 50 50
50 50 50 50 50 50 50 50 50
50 50 50 50 49 49 49 49
49 49 49 49 49 49 49
49 49 50 50 50 50
50 50 50 50 50 50 50 50
50 50 50 50 50 50 50
50 50 50 50 50 50
50 50 50 50 50 50
50 50 50 50 50 50 49
49 49 49 49 49 49
49 49 46 46 46 46 46 46
46 49 49 49 49 46 46 46 46 49
49 49 49 49 49 49 49 49 49
49 49 49 49 49 49 49 49
49 49 49 49 49 49 49 49 49
49 49 49 49 49 49 49 49
49 49 49 49 49 49 49 49 49
49 49 49 49 49 49 49 49
49 49 49 49 50 49 41 41 41
40 40 40 49 49 40
49 49 49 49 49 49
40 41 41 41 41 41
40 40 46 40 46 46 46 46
37 46 37 40 40 37
46 41 41 50 49 49 40
46 40 46 46 49 49 49
49 49 49 49 49 40 40
40 37 37 37 38 41
40 41 41 40 41 40 49
38 49 49 37 49 49 49
40 40 38 41 41 40 40 40
40 49 46 41 40 40 47 49
49 49 49 49 49 49 49 49
49 41 40 40 40 47 47 41 50
47 37 40 46 46 46 47
19 19 47 49 49 49 49 49
46 41 49 47 50 50 49 49
49 50 49 40 40 41 40 50 41
41 40 40 41 41 41 50 50 50
50 50 41 50 41 41
41 41 41 40 49
41 40 40 49 49
49 49 40 49 49 49 49 49
49 49 50 41 41 41
50 40 49 50 50 49 50
50 49 49 49 49 49 49 49
49 49 49 50 50 50 50
50 50 49 50 50 50 50 50 50
50 22 49 49 49 49
49 49 49 49 49 49 49 49 49
49 49 49 49
49 46 46 46 50 49
49 49 49 49 49 49 50
50 23 22 49 49 49 49 49
49 49 49 49 49 49 49 50 50 50
50 50 50 49 49 49 49 50
50 50 23 49 49 49 49 49 49 49
49 49 49 49 49 49 49 49 49 49
49 49 49 49 49 49 49
49 49 49 49 49 49
49 49 49 49 49 49
22 49 49 49
49 49 49 49 49 49 49
49 49 49 49 49 49 49 49
49 49 49 50 49 49 49 49
49 49 49 49 49 49 49 49 49
49 49 49 49 49 46 46 46
46 46 49 49 49 49 49 49
49 49 49 49 49 49 49 41 40
40 40 40 40 49 49
49 49 49 49 49 49 49
49 19 49 49 19 14 41
41 49 49 49 49 49
49 49 41 49 41 40 49
20 20 20 40 40 40 40 40
40 40 49 49 49 49 49
49 49 49 49 49 49 49 49
49 41 50 49 49
46 46 46 46 46
46 46 19 19 19 19 19 19 46
46 46 46 46 46 46 46 46 46
46 46 46 46 46 46
46 46 46 46 32 32 32
32 32 32 32 32 32 32 32
32 32 32 32 32 32 32 32
32 32 32 32 32 30 33 33
33 33 32 33 32 33 33 33 32
32 32 32 32 32 32 32 32 32 11 49
49 49 49 49 49 50 50 50
50 50 50 50 50 50
50 49 49 49 49 49 49 50 50
50 14 30 32 32 29 29
29 29 32 32 32 33 33 32
32 32 32 32 32 32 32 32 32
32 33 33 33 33 33 33
32 32 33 33 33 33 33 33
33 32 32 32 32 32
30 29 33 33 33 32 30 30
29 32 32 29 33 32 32 32
32 29 2 38 30 33
33 6 6 33 33
33 33 33 3 6 6
6 3 3 3 6 6 6
6 6 3 6 6 6 6 6 6
6 6 6 6 6 6 6 6 6
6 6 6 6 6 6 6
6 6 6 6 6 29 29 29
28 33 33 30 33 33 33
33 33 33 33 33 33 33
33 33 33 33 33 33
33 33 33 33 33 33 33
33 33 33 33 33 33
33 33 33 33 33 33 33
33 33 33 33 33 33
33 33 33 33 33 33
33 33 33 33 33 33 33 33
33 33 33 33 33 33 33
33 33 33 33 33 33 33 33
33 33 33 33 33 33 33 33 33
33 33 33 33 33 33 33 33
33 33 33 33 33 33
33 33 33 33 33 33 33 33 33
33 33 33 33 33 33 33 33 33
33 33 33 33 33 33 33 33
33 33 33 33
6 6 6 6 6 32 32 32
32 29 38 32 32 32 32 32
41 49 49 49 49 50 50
50 50 50 50 50 50 50 50
50 47 47 47 47 47 50 50
50 50 49 49 49 49 49 49 49 49
49 49 49 49 49 49 49 49 49
49 49 49 49 49 49 49 41 46
50 41 49 49 49 49 49 46 46 46
14 14 14 49 49 49 50
50 41 40 40 41 41 41 41
40 41 49 49 22 19 19 50
46 49 49 49 49 49 49
49 49 46 46 49 49 49
49 49 49 49 49 49 49 49 49
49 49 49 49 49
49 49 49 49 49 49 49
49 49 49 49 49 49 49 49
49 49 49 49 49 49 49
49 49 49 49 49 41 50 50
50 49 49 49 49 49 50
49 49 49 49 49 49 49 49 49
49 46 46 46
46 46 46 46 46 46 46 46
46 49 50 50 49 49 49 49 49
49 49
49 49 49 49 49 49 49 49 49
49 49 49 49 49 49 47
47 47 47 42 33 32 41 32 32 33
33 33 33 33 33 33 33
33 33 33 33 33 33 33 33 41 32 32
32 33 29 29 29 29 29 29
29 32 32 29 29 29 32 32 32 32
33 33 33 33 33 33 33 33
33 33 33 33 33 33 33
33 33 33 33 33 33 33
33 33 33 33 32 33 32 33 33
33 33 32 33 33 33 33 33 33
33 33 32 32 33 33 33 33 33 33
33 33 33 33 33 30 33 33
32 32 32 32 32 32 32 32 32
32 32 32 32 32 32 29
29 32 32 29 32 32
33 33 33 33 33 32 32 32
32 32 32 33 33 33
32 32 32 32 32 32 33 32
33 33 33 32 32 32
32 32 32 32 32 32 32 32 32
32 33 33 33 33 33 33 33
32 33 32 32 32 41
41 41 50 50 50 50 50 49
50 49 49 49 49 49 49 50 50 41
41 50 50 50 50 50 50 41
41 41 49 49 49 49
49 49 49 49 49 49 50 49
50 50 49 49 49 49 49 49
49 49 49 49 49 49 49 49
49 49 49 49 49 49 49 49 49
49 49 49 49 49 49 49 49
49 49 49 49 49 49 49 49 49
49 49 49 49 49
49 49 49 49 49 49 49 49 49 49 49
49 49 49 49 49 49 49
49 49 49 49 49 49 49 49 49
49 49 49 49 49 49 49 49 49 49
49 49 49 49 49 49 49 49 49
49 49 49 49 49 49
49 49 49
49 49 49 49 49 49 49 49
49 49 49 49 49 49 49 49
49 49 38 41 50 50 49
49 49 50 46 46 46 46
46 46 46 46 46 46 46
46 46 46 46 46 46 46 46 46
46 41 49 49 49 49 49 49 49 49
49 49 49 49 49 49 49
50 50 49 49 49 49 49
50 41 50 50 50 50 49 49
50 50 50 50 50 50 49
50 50 50 50 50 50 49
49 49 49 41 41 50
50 50 41 50 50 50 41 41
41 41 41 41 41 41 50
50 50 49 46 46 49 49 49
49 49 46 46 49 49 46 46
49 49 49 49 49 46 46
46 49 49 49 49 49 49 49
49 49 49 49 49 49 49
49 49 49 49 49
49 49 49 49 49 49
49 49 49 49 49 49
49 49 49 49 49 49 49
49 49 49 50 46 46 46 47 47
41 50 50 50 50 50 50
50 50 50 49 49 50 50 49 49
50 50 50 50 50 49
49 50 50 50 49 49 49
49 50 50 50 50 50 50
50 50 50 46 49 49 49 49
46 46 46 46 46 46 46 46
46 46 46 46 46 46 46 46
46 46 49 49 49 49 46 46 46 46 46
46 46 46 46 46 46 46 46 46
46 46 46 46 46 46 46
46 46 46 37 41 32 29
29 28 28 28 28 28 28 28 28
28 28 28 28 29 29 29 29 32
40 32 32 32 32 29 29 32 32 32
32 29 29 32 32 32
32 32 32 32 30 30 30 30 30 30
30 30 30 30 30 30 30
30 30 29 29 29 29 28
28 28 28 28 28 29
29 29 29 29 29 29 29
28 29 28 28 28 28 28 29
28 28 28 28 28 28 28 29
28 29 32 32 32 32 32 32 32
32 29 32 32 32 32 32 41
41 41 41 32 32 32 32
32 32 32 32 32 32 32 41
41 32 32 32 32 32
32 32 29 29 32 29 29
29 29 29 29 29 32 32 29 32
32 29 29 30 30 30
30 30 30 30 30 29 29
32 29 30 30 30 30 29 29 29
29 29 29 29 29 29 29 30 41
41 50 50 50 49 49 49 49
50 50 50 50 50 50 50 50 50
49 49 49 22 49 49 49 49 49
49 49 49 46 49 49 49 50 50
50 50 50 50 50 50 50
49 49 49 50 49 49 49 49 49
49 49 50 49 49 14 11 14 41
41 50 49 22 22 49 49 49
22 49 22 22 49 49 49
23 50 49 49 22 22 23 22
22 22 49 49 49 49 50 50
41 41 50 49 49 41 41
41 41 41 41 50 41 41 41
41 41 19 19 19 19 19
19 19 19 19 19 46 19 49
49 49 49 49 49 49 49
49 46 46 46 46 46 46 46
46 46 46 46 46 46 46
46 19 19 19 19 46 46 49 49
49 49 49 49 49 41 50 49
49 49 49 49 49 49 49 49
49 49 46 46 46 41 41 41
41 41 11 11 11 11 11
11 41 41 41 50 46 46
46 46 49 49 49 0 71
49 41 41 71 71 71 71 71
71 67 67 67 71 71 71 71
71 71 71 68 67 68 68 71 71
71 71 68 68 70 71 70 71
71 71 71 71 71 71 71
71 71 49 49 71 71 71
68 67 67 67 67 67
71 70 70 70 67 67 41
52 52 79 79 52
41 41 41 76 79
79 70 43 34 34 34
34 34 70 70 68 41 71
71 71 71 71 79 49 49
49 76 70 76 77
80 76 76 77 80 79 79 80
0 0 0 0 0 0 0
0 0 0 0 0 0
