79 79 79 79 79 79 79 79 52 52
79 79 79 79 79 79
79 79 79 79 79 79 63 63
79 63 63 80 79 79 79
79 63 72 63 79 79 79
79 79 79 70 70 79 79
76 76 70 79 79 79 79 79
79 70 61 70 62 70
79 79 79 79 79 79 79 79
79 79 49 3 21 21 21
51 33 33 79 79 79
79 79 79 79 79 52 52
43 70 79 79 79 79 79 79 79
79 79 79 79 79 79 79 79
79 79 79 79 70 79 79
79 79 79 79 70 70 70
70 79 79 79 79 79 79 79
79 79 79 79 79 0 0
0 0 0 0 0 0 0 0 0
0 0 0 0 0 0 0 0
0 0 0 0 0 0 0 0 0 0
0 0 0 0 79 79 79 79
79 79 0 0 0 0 0
0 0 0 0 0 0
0 79 79 79 79 79 79 79
49 79 79 79 79 79
79 79 79 79 79 76 76
79 79 79 79 79 79 79 79 49 79
79 79 79 79 79 79 79
0 0 0 0 0 0 0
0 0 0 0 0 0 0
0 0 0 0 0 52 25 79
79 79 52 52 52 52 79 79
79 79 52 79 79 79 79
79 70 71 71 79 70 70
79 79 79 79 41 41
41 41 41 41 41 41
19 22 22 22 22 22 22 22
79 79 79 79 79 79 79
79 79 79 79 79 79 79 79
79 79 79 79 76 76 79 79
79 79 79 79 79 79 79 70 79
79 79 79 79 79 79
79 79 79 79
79 79 79 79 79 79 79 80 62
70 61 70 79 79 79 79
79 71 70 79 79 70 79 79
61 61 62 62 61 62 61
79 79 79 70 70 79 79
79 79 79 79 79 79 79 79 79
79 79 79 79 79 70
79 79 79 79 79 79 79
79 79 79 79 79 79 79 79 79
79 70 70 70 79 79 52
79 79 79 79 79 79 79
79 79 79 79 79 79
79 79 79 79 79 79 79
79 79 80 79 79 79 79
79 79 79 79 79 79 79 70
79 70 79 79 79 79 79 79 79
79 79 70 79 61 61 79 79 79
79 79 79 79 79 79 79 79
79 79 79 79 79 79
79 79 79 79 79 79 43 43
79 79 79 79 79 79 79 79
79 70 79 79 79 79 79
79 79 79 79 79 79 79 79 79
79 79 70 79 79 79 79 79
79 79 79 79 79 79 79 79 79
79 79 79 79 79 79 79
79 70 70 79 79 79
70 52 79 79 79 79 79
79 52 79 79 79 79 79
79 79 79 70 70 79 79
79 79 79 79 52 79 70 70
79 79 79 70 79 79 79 79 70 79
79 79 79 79 79 0 0
0 0 0 0 0 0 0 0
0 0 0 0 0 0 0 0
0 79 79 79 79 79 79
79 79 79 79 79 79
79 79 79 79 79 79 79 79 79
79 79 79 79 79 79 79
79 79 79 79 76 79 79 79
79 79 79 79 79 79
79 79 79 79 79 79 79 79 79
79 79 79 79 79 79 79
79 79 79 79 79 79 70
61 70 79 79 79 79 79 79
79 79 79 79 79 79 79 79
79 79 79 79 70 61 61 61 61
61 70 79 79 79 79 79 79
79 79 79 79 79 79
79 79 79 79 79 79 79 71
79 79 79 79 79 79 79
52 79 79 79 79 79 79 70 79
79 79 79 79 79 79 79
79 80 71 70 79 49 79 79
79 79 79 79 79 79 52 52
79 79 79 79 79 79 79 79 79
79 79 79 79 79 79 79 79
79 79 79 79 79 70 70 61 70
70 70 79 79 79 79 79 79
79 79 79 79 79
79 79 79 79 79 79 79 79
79 70 61 79 79 79 79 79
79 79 79 79 79 79 79
79 79 80 79 79 79 79 79
79 79 79 79 79 79 79 79
79 79 79 79 79 79 79
79 79 79 79 79 79 79 79
79 79 79 79 79 79 79 79
79 79 79 79 79 79 79 79
79 79 79 79 79 79
79 79 79 79 79 79 79 79
79 79 79 79 79 79 79
79 79 79 79 79 79 79 79 79
79 79 79 79 79 79
79 79 79 79 79 79 79 79
79 79 79 79 79 79 79 72
79 79 79 79 79 71 63
61 61 79 79 70 61 79 79
70 79 79 79 79 79 79 79
79 79 79 79 79 79 79
80 79 79 79 79 71 79 79 79
79 79 79 79 79 79 79 79 79
79 79 79 79 79 79 79 79
79 79 79 79 79 79 79 79 70
79 79 79 79 79 79 79 79
79 52 79 79 79 79 79 79
79 79 79 79 79 79 52
52 79 79 79 79 79
79 79 79 70 79 79
79 79 79 79 79 79
79 79 79 79 79 79 79 52 79
79 79 79 79 61 61 61 62 79
79 79 79 79 79 79 79
79 79 79 79 79 79 79 79 79
79 79 79 79 79 79
79 79 79 79 79 79
79 80 79 79 79 79
79 79 79 79 52 52
52 79 79 79 79 79 79
79 79 79 79 79 79
79 79 79 70 79 79 79
79 79 70 79 79 79 79
79 79 79 79 79 79 79
79 79 79 31 31 80 79
79 79 79 52 79 79 79
79 79 79 79 79 79 79 79
79 79 79 79 79 79 79 79
79 79 79 79 79 79 79 79
79 79 79 79 79 79 79 79
79 79 79 79 79 79
79 52 52 79 79 79 79
79 79 79 79 79 79 79 79 79
79 79 70 61 70 79 79 79
70 71 52 79 79 79 79 79 79
52 25 52 79 79 79 79 70 79
79 79 79 79 79 79 79
79 79 79 79 79 79 79 79
79 79 79 79 79 79 79
79 79 79 79 79 79
79 79 79 79 79 79 79 79
79 79 79 79 79 79 79
79 79 79 79 79 79 79
79 79 79 79 79 79 79
79 79 79 79 79 79 79
79 79 79 79 79 70 79 79 79
79 79 79 79 79 79
79 79 79 79 79 79 79 79
79 79 61 61 61 61 61
70 79 79 79 79 79 79
79 79 79 79
79 79 79 79 79 79 79
79 79 79 70 79 0 0
0 0 0 0 0 0 0
0 0 0 61 70 70 62
61 79 79 79 79 79 79 79
80 79 79 79 79 79 79 79
79 79 62 62 79 70 70
70 70 79 70 79 70 52 52 52
79 79 79 79 79 79 79
79 79 49 52 79 79 79 79
79 79 79 79 79 43 79 79
79 79 79 79 79 79 79 79
79 79 79 79 79 79 79 62
79 79 79 79 79 79 79 79
79 79 79 79 79 79 79
79 79 79 79 79 79 79 79
79 79 79 79 79 79
79 79 79 79 79 79 79
79 79 79 79
79 79 79 0 0
0 1 11 0 0 0
0 0 79 79 79 79 79 79
79 79 79 79 79 79 79
79 79 79 79 79 52 52 52
79 79 52 52 79 79 79 79 52 52
79 79 79 79 70 70 70 70 70
70 70 70 70 70 79 79
79 79 79 79 79
79 79 79 79 79 79 79 79 79
79 79 79 79 79 79 79 79 79 79
79 79 79 79 79 79 79
70 79 79 79 79 79
76 76 76 79 79 80 79 79 79
79 79 79 79 79 79
79 79 79 79 79 76 79
70 79 79 79 79 79 79
79 79 79 79 79 79
79 79 79 79 79 79
79 79 79 79 79 79 79
79 79 79 79 79 79 79
79 79 79 79 79 79 79 79
79 79 79 79 79 79
79 79 79 79 79 79 79 79
79 79 79 79 79 79 79 79
79 79 79 52 79 79 79 79
79 79 79 79 79 79 79
79 79 79 79 79 79 70
80 79 79 79 79 79 79
79 70 79 79 79 79 79
49 49 79 79 79 79 79
79 79 79 79 79 79 79 79
79 79 61 61 79 79 52
79 79 52 52 79 79
79 79 79 79 79 79
79 79 79 79 79 79 79
79 79 79 79 79 79 79
79 79 79 79 79 79 79
79 79 79 79 79 79
79 79 79 79 79 79 79
79 79 79 79 79 79
79 79 79 79 79 79 79 79
79 79 79 79 79 79 79 79
79 79 79 79 79 79 79
79 79 79 79 79 79 79 79
79 79 79 79 79 79 79 79
79 79 79 79 79
79 79 79 79 79
79 79 79 76 79 76 79 79 79
79 79 79 79 79 79 79 79 79
79 79 79 79 79 79 79 79 79 79
79 79 79 79 79 79
79 79 79 79 79 79 79 79 79
79 79 70 79 79 79 79
79 79 79 79 79 79 79 79
79 79 79 79 79 61 61
61 61 79 79 79 79 79 79
79 79 79 79 79 79
79 79 79 79 79 79 79
79 79 79 79 70 61 61
61 61 61 61 79 79 71 79 79
70 61 70 79 70 79 79 79
71 79 79 79 79 79 79 79 79 79
79 79 79 79 79 79 79 79
79 79 79 79 79 79 79
79 79 79 79 79 79
79 79 79 79 70 79
79 79 79 79 79 79
79 79 79 79 79 79 79 79 79
79 79 79 79 79 79
79 79 79 79 79 79
79 79 79 79 79 79 79
79 79 79 70 79 79 79 79
79 79 79 79 79 79
79 79 79 79 79 79
79 79 79 79 79 79 79 79
79 79 79 79 79 79 79 79 79
79 79 79 79 79 79 79 79
79 79 79 79 79 79
79 79 79 79 70 79
79 79 79 79 79 79 79
79 79 79 79 79 79 79 79
79 79 79 79 79 79 79 79 79
79 79 79 79 79 79 79
79 79 79 79 79 70
70 70 70 70 70 25 25
79 79 79 79 79 79 79
79 70 70 70 79 79 52 79 79
79 79 79 79 79 70
61 61 61 70 79 71 70 70
61 61 61 61 79 79 79 79
79 79 79 79 79 79 79
79 79 79 79 79 79 79 79
79 79 79 79 79 79 79
70 61 61 61 61 79
79 70 70 70 61 79 79
79 79 79 79 79 79 79
79 79 79 79 79 79 79 79 79
79 79 79 79 79 79 79 79 79
79 79 79 79 79 79 79 79
79 76 76 79 79 79 79 79
79 70 79 79 79 79 79 79
79 79 61 70 70 79
79 79 79 79 79 79 79
79 79 79 79 79 79 79
79 79 79 79 79 79 79 79
79 79 79 79
79 79 79 79 79
79 79 79 79 79 79
79 79 79 79 79 70 79 79
79 79 79 79 79 79 79 70 70
79 70 70 79 79 79 79 52 79
79 79 79 79 79 79 79 79 79
79 79 79 79 79 79 79 79
79 79 79 79 79 79 79 79 79
70 79 79 79 79 79 79 79 79
79 79 79 79 79 79 79
79 79 79 79 79 79 79 79
79 79 79 70 76 61 61
79 70 70 79 70 61 70 70 61
70 70 61 70 70 61
61 79 79 79 79 79 79 79
79 79 79 79 79 79 79
79 79 79 79 79 79 79 79
79 79 79 79 79 79 79 79
61 70 70 79 79 79 79 79
79 79 79 79 79 79
79 79 79 79 70 79 79
79 79 79 79 79 79 79 79
79 79 79 79 79 79 79 79 79
79 79 79 79 79 52
52 79 79 79 79 79 79
79 79 79 79 79 79
76 79 79 79 79 79 79 79
79 79 79 79 79 79 79
79 79 76 79 79 79 79 79
79 79 79 79 79 79 79 79
49 79 79 79 79 79 79 79
79 79 79 79 79 79 79 79
79 79 79 79 79 79 79 79 79
79 79 79 79 76 79 79 79
79 79 61 61 71 79 79
79 79 52 52 79 79 79
79 79 79 79 79 79 79
79 79 79 79 61 61 61
79 70 79 79 61 79
79 79 79 79 79 79 79
79 79 79 79 79 79 79 79 79
79 79 79 79 79 79 79
79 79 79 79 79 79 79
79 79 79 79 79 79 70
79 79 79 79 79 79 79 79
79 79 79 79 79 79 79 79 79
79 79 79 79 79 79 79 79 79
79 79 79 79 79 79
79 79 79 79 79 79 79 79 79
79 79 79 79 79 79 79 79
79 79 79 79 79 79 79
79 79 79 79 79 79 79
79 79 79 79 70 70
79 79 79 79 79 79 79 79
79 79 79 79 79
70 79 79 79 79 79
79 79 79 79 79 79 79
79 79 79 79 79 79 79 79 79
79 79 79 79 79 79 79
79 79 79 79 79 79 79 79
79 79 79 79 79 79
79 70 70 70 70 70 79
79 79 79 79 79 79 79
79 79 79 79 79 79 79 79
79 79 79 79 79 79 79
79 79 79 79 79 79
79 79 79 79 79 79
79 79 79 79 79 79 79
79 79 79 79 79 79 79
79 79 79 79 79 79 79
79 79 79 79 79 79
79 79 79 79 79 79 79 79
79 79 79 79 79 79
79 79 79 79 79 76
76 79 79 79 79 79 79 79 79
79 79 79 79 79 79 79
79 79 79 79 79
79 79 79 79 79 79 79 79
79 79 79 79 79 79 79 79
79 79 79 79 79 79 79 79
79 79 52 79 79 79 79
79 79 79 79 79 12 50
50 50 50 50 50 50 50 50
50 50 50 50
79 79 79 79 79 79 79 79
79 79 79 79 0 0
