71 49 49 41 41 41 41
41 41 71 41 71 70 67 67
67 67 67 67 71 71 41 41
40 64 67 67 67 67 76
49 49 71 71 71 71 71
71 71 71 71 40 49 79 79
79 70 67 67 71 71 71
71 41 41 41 71 71 71 71
71 71 71 71 71 71 71 71 71
41 41 71 49 49 49 49 76
76 79 70 67 41 40 67 71
71 71 71 71 71 71 71 71 71 79
49 49 49 68 71 71 70 73
73 68 68 71 71 71 71 71 71
71 71 71 71 71 71 67 67 68 71
71 71 67 67 67 71 71 71
71 71 71 49 79 79 49
79 70 70 79 79 79 79 79 76
70 43 43 43 70 67 67
70 70 70 49 49 49 52
43 49 49 79 70 70 49
49 49 49 49 71 79
41 41 50 79 79 79 40 41
41 41 71 71 49 49 49 70 70
70 70 70 70 67 67 71 67
70 41
71 71 79 79 79 79 79 79 77
0 0 49 49 49 71 71
71 71 71 71 71 71 71
71 71 71 71 71 71 71 67
41 41 70 71 71 71 41
41 41 41 41 76 79 67 71 71
71 71 71 71 71 68 68 68
68 68 68 68 68 69 69
69 69 69 41 71 71 71 71
71 71 71 71 71
49 41 41 41 52 49 49
52 41 41 68
49 49 40 41 71 71 71 68
41 68 68 71 71 71 79
76 79 77 50 50 79 79 76
73 76 76 76 79 79 79 49 40
40 41 41 41 71 71 71
71 71 71 71 49 49 52 71 71
71 71 41 79 41 70 79
79 70 70 70 79
49 49 49 49 49 49 49 49
49 49 49 49 46 49
49 49 49 49 49 49
49 49 49 49 49
49 76 76 76 76 76 49
49 49 50 50 53 49 49 49 49
49 49 49 49 49 49 49 49
49 49 49 49 49 49 49
49 49 49 49 49 49
49 49 49 49 49 49 76 49 49
49 41 41 41 40 40 40 40
49 49 49 49 79 79 49 49
49 49 49 49 49 49 49 49
49 49 49 40 40 40
49 22 49 49 40 49 49
49 49 49 49 49 49 49 49 49 49
49 49 49 49 76 76
76 76 76 49 49 49 76 76 76
76 76 76 76 76 76
49 49 49 49 49 49 76 76 73
76 76 76 76 76 73 46 40
40 49 49 49 49 49
49 49 49 49 70 71
79 79 70 70 70 79 79 70
70 70 41 68 68 67 70 79
79 68 68 71 71
50 50 44 71 71 41
41 41 41 41 41 41 50
49 50 50 50 41 41 41 41
50 50 41 41 41 49
49 49 80 71 40 40
40 40 70 67 76 67 70 70
71 70 70 49 79 71 68 40
40 40 41 41 41 71 71
71 71 71 67 67 79
79 77 76 76 76 76 76
49 49 49 49 67 70 67
70 70 70 67 67 67 71
71 71 71 67 67 68 71 71
68 67 67 67 67 67
67 67 49 49 49 49 49
67 67 71 71 71 71
70 70 79 70 70 70 79 79
79 70 70 70 71 67 40 40 40
67 67
67 67 67 67 67 67 67
67 67 67 67 67 67 67
43 43 43 44 43 43 43
43 71 71 76 67 67
79 49 40 40 40 40 40 40
40 40 40 40 40 40 40 49 76
76 76 76 76 79 70 41 41
41 40 49 49 49 49 49 41 41
49 49 40 40 76 76 49
79 79 76 76 76 76 76 76
49 41 71 71 67 67
79 80 80 80 71 70 52
52 52 43 43 43 43 52
52 52 70 43 43 40 40
40 40 67 67 40 40 40
40 40 40 67 71
71 70 79 76 76 76 76 76
76 76 76 76 76 76 76 76 76
73 73 73 73 73 73 76 76
76 73 73 73 76 76 76
76 76 76 76 76 76 67 76 49
49 40 40 40 40 40 40 40
67 64 64 67 67 67 67 70
70 70 70 70 70 70 79 79 80
79 79 79 80 80 71
67 67 67 67 67 67
67 67 71 71 71 71 71 40
71 71 71 71 70 70 79 79
76 76 76 76 76 76 76 76
77 80 80 80 80 80 80
77 80 80 80 41 79 52 43
43 70 70 70 40 49 49
49 49 49 49 50 50
49 52 52 52 49 49 49
49 79 52 52 49 52 49
49 49 49 49 49 49
49 49 49 40 41 77
76 76 73 76 76 73
73 76 76 76 73 73
73 73 73 76 76 76 40
40 40 67 40 40 49 49 71
50 49 49 79 79 79
79 70 70 79
76 76 76 76 76 76 79
79 76 76 80 80 80 80
41 71 71 71 71 71 71
71 70 71 70 70 70
70 70 70 71 71 71 80 71
71 80 80 80 71 71 71 71
71 76 79 79 79 76
79 80 79 79 76 79 79
79 70 70 70 70 70 70 70
76 76 76 71 70 70 70 79 79
79 79 67 64 67 67 67 67
67 67 76 49 50 50 50
49 80 67 67 67 67
67 64 67 67 67 67 67 67
67 67 67 49 49 79 43 70 70
43 40 40 70 70 49 40 71 71
71 70 71
50 50 51 51 50 50 51 77
80 51 51 77 49 67
67 41 71 71 49 76 76 71
71 71 71 71 71 49 79 79
79 79 79 80 79 67 71 71
71 49 49 49 49 49 49
49 49 41 41 71 71 71 71
71 71 71 71 41 49 49 70
70 70 40 49 41 50 50 50
50 51 42 51 51 51 51 50 50
50 50 53 77 64 67 67 64
64 67 67 67 67 64 76 76
76 76 76 76 67
76 76 76 76 76 73 76
67 67 67 67 67 67 67 67
67 67 67 67 67 67 67
64 64 67 67 67 67 67 67
64 67 67 67 67 67 67 64 64 64
64 64 64 64 67 67 67
67 67 67 67 67 67 70
79 79 79 79 79 79
70 71 71 70 70 70 70 70
41 41 41 41 77 77 77
77 77 80 77 77 77 77 77
80 40 40 71 68 80 80 80
71 40 67 67 67 67 67
67 40 67 40 40 31 31 31
67 68 71 71 71 71 71 71
68 40 70 70 70 67 70 70
70 70 52 52 71 71 71
71 71 71 71 71 71 71 70 67 80
80 80 43 70 49 49 44 44
71 44 71 68 68 68 68 68 65
71 71 71 71 70 70 70
70 70 71 68 71 77
77 77 80 80 71 71 71 71
71 64 64 67 67 67 67 67
67 67 67 70 70 71 71
71 71 71 76 76 73 76
76 76 70 70 70 70 70 70
70 70 70 67 70
67 71 80 80 80 80 80 80
79 79 80 79 79 71 71
71 71 71 71 68 68 71 71
71 71 69 68 50 50 80 80
67 70 67 79 79 76 76
77 77 77 77 80 80 68 68
68 76 41 41 41 41 41 41 14
41 41 41 41 67 67 67 70 70 67 67
73 73 76 76 79 79 79 79
79 76 76 77 77 77 76 76
68 71 71 71 71 71 67 76 71 77
71 71 71 71 71 71 71
71 71 70 71 71 71 70 41
41 41 68 68 68 41 50
40 43 52 52 49 49
49 49 49 68 41 41 77
74 74 74 77 77 77
74 74 77 77 77 77 50 14 41
41 50 50 50 53 53 53 40
40 68 68 68 68 68 68 68
68 68 64 64 67
67 65 74 74 74 77
77 77 77 71 71 71 71
71 71 71 70 70 70 71 71
71 70 70 71 71 71 71 44
50 23 23 23 14 14 14 14 14 14
14 23
23 23 23 23 26 26 26 26 49
49 49 49 76 49 49 49 67 67
68 68 71 71 71 71 71 71
71 71 71 71 49 79 79
71 71 71 41 41
71 71 67 67 67 67 67 67
67 67 67 71 71 50 23
23 23 23 23 23 23 23
23 23 23 23 23 23 23 23
23 23 23 23 23 49 49 49 40
49 49 41 41 41 41
40 31 31 67 80 80 71 71
71 71 71 71 71 71 42 72 81
72 71 71 70 70 79 49 41 71
62 71 71 71 71 71 70 70
40 71 68 71 68 71 71 76 52
52 52 52 49 76 67
67 67 67 67 70 67 67 67
67 70 71 71 49 49 79 80 70
67 76 77 77 77 77 77 80
80 76 76 76 76 79 79 79
79 49 76 70 70 67 67
68 71 71 71 71 70
71 71 70 62 71 70 71
71 71 41 41 41 49 52
52 79 79 71 71 71
49 49 49 49 49 49
23 23 14 14 23 52
49 49 49 71 71 41 71 50
50 80 71 41 71 71 71 49 49
49 49 49 49 49
49 79 40 70 67 40 40
40 50 50 50 50 50 79 76
76 76 73 73 76 76 76
76 49 49 49 49 49 49
40 40 40 40 49 49 49 50
50 50 50 50 50 49 49 49
41 71 71 41 41 76 76 76
77 77 77 76 76 76 76 76 76
77 77 76 76 76 76 79
79 79 80 72 72 81 77 49
49 40 40 40 40 40 40
40 31 31 40 40 31 31
40 40 40 49 50 49 50 50
50 50 51 51 51 51 51 51
51 51 78 78 50 50 71 71 71
79 79 79 70 70 70 70
70 70 70 70 70 80 79 79
79 76 76 79 71 71 71 77
80 80 77 76 76 76 76 79 76
76 73 76 76 76 79 79
79 76 44 71 79 71
70 79 79 79 79 79 79 52 79
76 68 68 64 70 70 52
53 53 80 53 80 80 71 68 68 68
68 65 73 76 76 76 80 77 49 49
76 76 76 76 76 76 77
68 71 71 44 53 53 53 44 44
44 44 43 52 53 53 71 71 71
71 71 71 70 70 61 61 61
62 59 71 70 68 71 71
71 71 71 71 41 44 71
71 68 74 74 50 41
41 41 41 41 41 49 49
67 67 40
40 71 67 67 67 67
65 67 67 67 71 71
49 71 71 71 49 49 49
71 71 70 70 70 67 68
68 65 65 64 64 67 64
64 67 67 67 76 79 79
79 79 79 67 67 68 64
64 64 64 71 71 71 49
79 79 79 71 64 64
64 64 64 71 71 71 71
70 70 79 70 70 70 70 70
70 71 79 70 40 40 40 40
70 40 40 40 40 40 49
49 49 40 41 41 41 44 71
67 67 68 71 71 71 70
71 67 67 67 71 71 71 49
49 70 70 71 80 80
40 40 37 10 1 4 22
22 40 40 67 64 73 76
70 70 70 70 67 67
67 67 67 67 76 73 76 76
76 67 76 76 40 40 31
40 40 40 40 40 40 40 40
40 10 11 11 11 11 41 41 41
41 71 79 79 79 71 70 70
70 70 61 70 70 70 70 70
50 49 40 70 70 67 64
64 41 68 68 49 49 49
49 49 49 52 79
64 64 67 70 67 49 49
79 79 49 41 71
49 49 49 80 76 71 71
71 71 41 49 79 76 79
71 71 71 71 71 71 79 79 67
67 71 71 71 71 71
71 71 71 71 71 49 49 49
70 49 70 76 70 70 70 67
64 67 67 71 71 71 71 71
71 71 71 70 70 61 61
61 61 70 61 61 61
62 71
71 70 70 70
71 71 40 70 70 71
71 41 49 41 43 67
68 68 68 68 68 68 68 67
67 40 41 41 41 41 40
40 40 40 40 40 50 50 50
53 50 80 80 80 80
49 49 41 41 41
40 41 41 41 41 41 52
70 67 70 70 70
70 70 70 70 70 70 70
70 71 71 71 71 71 68
40 67 67 67 67 79 79
67 68 71 71 67 70 70
67 71 71 71 76 79
79 79 52 49 49 80 53
53 49 49 76 76 76 68 68
68 40 40 40 40 40
41 41 41 41 41
67 67 68 67 67 50 50 50
50 50 50 51 51 50
71 71 71 71 71 49 49 71 71
71 70 70 70 67 62 62
70 71 70 70 70 71
71 67 70 67 67 70
70 67 71 67 70 70
50 50 50 50 50 53 80
40 70 71 67 70 70 67
70 67 40 40 71 79
49 79 79 49 79 79 79 67
67 70 67 67 70 70 70
70 71 71 71 41 70 67 67 70
71 71 71 71 49 49 71
71 71 71 71 71 71 71 71 71
71 71 40 40 40 41 71 71
71 71 71 71 71 71 71
79 79 79 68 71 71 71
71 71 71 68 68 71 71 71
71 71 71 53 26 53 53 53
53 71 71 71 71 68 68 68
41 71 71 71 71 71 71
71 49 49 41 41
41 41 41 41 68 68
41 49 49 79 79 70
71 71 71 71 71 71 71
49 70 70 71 71 71 70
70 44 17 17 17 7 7 43
43 80 71 71 71 49 49
41 71 71 71 71 71 71
71 71 71 71 71 0 0 0
