77 77 77 78 77 77 77 77 77
77 77 77 50 41
40 50 53 80 79 41 68 68
68 71 71 71 71 71 68
67 68 41 41 41 49 49
49 76 77 77 80 80 80
80 77 76 76 76 79
76 80
68 79 79 79 79 79 79
79 79 76 67 64 40
0 0 0 49 41 71 71
71 71 71 71 71 71 71
68 68 68 68 72 72 72 72
72 72 72 72 72 72
41 41 41 41 41 41 71 71 79 79
68 71 71 71 71 71 71
41 41 50 77 68 68 67 46
47 47 50 50 41 41 41 41
41 41 71 79
80 49 49 71 71
71 71
68 49 49 49 76 76 76 41
41 41 41 41 41 76 79
79 70 68 68 68 68
77 77 68 68 71 71
79 79 79 76 76 76 67 64
64 64 64 64 67 67
40 49 50 50 50 50 50
50 50 50 80 80 67 67
67 67 67 71 71 41
49 49 49 49 49 49 80 80
40 49 49 79 79 49 49 49
41 41 41 41 41 71
71 70 43 52 80
79 49 40 67 67 76 73
73 64 76 49 49 73 41 41
41 40 67 41 68 41 49 50
49 49 67 67 76 49 49
49 76 76 68 41 71 71
71 71 41
38 49 49 49 41 41 41
41 41 41 41 67 70
71 71
67 76 76 70 50 71 70 70 80
80 80 80
77 68 68 68 50 50 49 49
49 50 50 80 76 79
52 49
50 50 80 70 70 40
67 67 70 70 70 67 67 70 70 49
50 50 50 50 41 40 40
40 40
40 49 49 76 67 67 67
67 67 70 70
79 79 79 79 79 79 76 19
49 79 79 79 79 49 77 50
41 41 41 71 0 0 0 0 0
0 0 0 0 0 0 0
0 0
0 0 0 0 0 0 0
0 0 0 0 0 0
0 0 0 0 0 0 0 0
0 0 0 0 0
0 0 0 49 49 76 76 76 40
43 70 67 67 70 70 70 70 49
50 50 50 50 50 67
67 70 70 70 49 49 70
79 49 76 70 70 70
49 71 40 70 67 67 70 70 70
70 79 49 79 79 79
80 80 40
67 40 79 79 79 67 41
76 76 76 76 76 76
76 79 79 79 79 40 40
79 70
40 41 41 71 49 79 79 79
49 52 52 52 52 79 70 52
52 52 52 52 79 79 79 79
76 76 67 67 67 67
52 49 52 79 52
71 71 49 49 49 49
52 52
40 68 77 77 77 77 71 71
71 67 80 77 76 76
76 70
70 71 71 71 71 71 76
79 70 70 70
70 67 70 41 41 41 41
41 41 49 49 49 49 71
67 68 71 71
76 76 77 41 41 71 79
79 79 79 79 79 79 79 79
79 67 70 70 67 67 67
43 52 49 76 41
76 49 49 49 40 41 41
76 77 80 80 80 76 76 79
76 76 76 79 77 77 77 50 50
50 50 50 50 77
79 76 79 79 79 76 79 79 76 76
76 76 76 76 76 76 76
77 80 41 41 41 41 40 49
80 49 50 50 77 80
40 40 70 70 41 50 50
80 77 77 80 68
68 68 68 49 49 49 49
79 79 79 79
49 79 79 49 52 52
79 79 79 70 49 49 49
49 49 49 49 70 80 71
70 67 67 67 67
50 50 67 67 67 67 67 67 70
70 67 79 70 67
70 41 41 50 53 80 50 49
49 76 79 49 49 67 71
71 70 40 40 43 70
70 70 70 70 71 53 52
52 79 79 79 79 79
80 80 77 77 77 77 77
77 79 79 64 64 64
67 49
49 68 67 70 71 52 52
49 49 49 49 79 49 49 40 49
49 49
67 41 41 41 70 67 67 71 40
40 70 50 50 71
41 71 41 49 79 79 70
67 67 71 71 67
67 77 41 71 71 71 71
71 79 79 79 79 77 42 78 42 50
80 40
40 79 79 52 50 50 50 50 53
50 50 80 41 41 41
68 67 67 67 67 40 40 40 40
40 70 70 49 53 50 50 50
80 80 49 40 40 40 40 70
40 70
67 67 41 41 41 41
41 49 49 40 40 40 67
67 67 40 71 41 41 68
71 50 50 50 53 50
50 50 50 41 50
50 41 41 41 68 68 68
68 41 41 68 68 71 53
26 26 26
26 67 67 68 68 41 41
71 79 79 79 80 79 79
70 70 71 71 79 52
49 80 80 79 67 40
43 70 67 70 67
70 67 70 70 41 49
49 49 49 49 49
43 43 50 50 50 50 50 49
49 49 49 49 67 67 67
67 70 67 67 41
41 67 67 67 67 67 67
64 64 67 68 41 41 68
79 79 79 70
50 50 50 50 80 77 71 70
70 70 67 70 70 67
71 71 70 49 71 40 43 70
43 71 80 70 70
77 53 50 50 50
50 50 77 68 80 77
77 80 71 71 71 71 71 79 76
41 50
80 80 80 50 51 51
50 43 43 70
79 79 79 76 79 79
79 76 76 76 79 79 40
43 70 70 50 80 80
73 73 73 76 76 76 76
76 76 76 76 73 73 73 77
77 80
71 73 76 76 76 76 76
76 76 76 71 71 71
68 41 41 71 71 71 52
79 76 70 70 79 79 79
79 79 79
79 76 79 76 70
70 70 40 43 70 50
50 53 80 80
70 71 71 71 70 71 71 70 70
70 70 79
79 79 49 41 41 71 71
71 40 71 50 50 80
71 71 80 80 71 80
71 71 41
41 41 41 71 71 71 71 71 71 71
71 71 70 70 49 53
50 80 80 80 80 80 64
64 64 64 64 64 67 67 67
67 70 67 67 67 67 67 67 67
76 76 70 70 70 70 70 71
79 79 52 52 49 52 71
76 79 49 53 41 41 71
41 41 41 68
76 77 80 80 80 80 80
80 80 80 73 73 76 76
76 76
76 76 80 79 79 79 79 79 79
76 76 79 79 80 79
49 49 49 41 41 71 71 71 71
71 79 41
41 67 67 67 70 70 70 70
70 43 40 70 40 70 70
49 80 80 71 71
68 71 71 67 67 67
70 70 70 70 70 67 68
68 68 41 41 71
41 40 52 49 79 49 50
53 50 80 50 49
40 70 70 70 79 79
79 79 70 43 43
34 34 34 34 34 43 41
41 41 41 41 68 68 42 42
69 71 71 68 68 65 68 71
41 68 41 67 67 67 64 64
64 40 40 41 41 41
41 68 49 49 49 49
41 41 71 71 71 71 71
71 71 71
71 71 0 0
