71 67 71 71 71 71 71 71 79
79 79 79 76 71 71 71 71
71 71 71 76 41 71 79 80
71 70 70 67 67 71 68 68
68 68 68 68 71 71 71 71 71
79 79 79 79 49 70 71 79
79 49 40 71 71 71 71 71
0 0 67 71 71 71
71 71 71 71 67 67 70
70 79 79 79 40 50 80 70
70 70 71 71 71 79
79 79 79 71 71 70 71
71 71 70 79 41 79
71 71 79 79 79 79 79 79
70 70 70 70 70 70 79 79
70 70 61 61 70 70 40 40
70 70 70 70 70 70 70 70
79 79 79 71 71 71 79 79
67 67 71 71 71
79 79 79 70 67 70 70
70 70 71 71 71 71 80 70
70 70 70 71 71 71 71 71
79 79 79 79 79 71 71 71 70
70 70 70 70 70 70 70
80 80 79 70 70 70 70 70
68 68 71 71 71 71
71 71 71 71 71 71 71 79 79
79 79 49 71
70 70 67 71 70 71 67
71 71 71 70 70
49 71 71 68 68 68 68
68 71 71 71 71
79 79 40 70 70 67 67 67 67
68 68 71 71 71 70 70 79
71 71 71 67 71 71 71 40 70
70 70 70 71 71 79
79 79 79 71 71 71 71 71 68
68 71 71 71 71 71 71 71 68
71 71 71 71 71 71 68 68 71
68 71 71 70 70 71
71 68 71 71 71 67 70
70 70 70 70 70 71 71 71 71
70 70 79 71 71
68 68 70 70 68 68 70
70 71 71 71 71 79 79 79 71
71 71 70 70 70
70 70 79 80 71 71 71
70 71 71 71 71 71 41
41 71 70 70 70 70 70 71
71 71 71 71 68 67 67 71 71
71 79 79 79 67
71 71 71 71 71 71 71
71 71 71 71 68 71 71
71 71 70 71 71
70 70 71 71 71 71 70 70 41
70 70 71 71 71 71
71 71 70 71 41
70 70 41 71 71 68 68
71 71 71 71 71 71 71
79 79 79 79 50 80 71
71 71 40 40 70 40 70
70 70 40 70 70 79
71 71 71 71 71
41 70 79 79 49 40
43 70 70 43 79 79 70
71 70 70 70 41 41 71 71
71 68 68 68 71 71 71 71
71 70 80 80 80 70 70
70 70 67 71 71 71 71
71 71 71 71 71 71
70 71 71 70 70
71 71 71 71 71
71 71 71 70 71
71 71 71 71 71 71
71 71
71 68 71 71 41
71 70 71 71 71 71 70 70
70 70 71 71 71 79 71
71 71 71 68 71 71 79
79 67 68 71 71
71 71 71 71 71 71
71 67 67 67 71 71 71 71
71 71 71 71 70 71
71 71 71 71 71 41 41 40
70 70 70 79 71 71
71 71 79 79 79 70 70
71 71 68 68 71 71
71 71 71 71 70 70 70 71
71 79 79 79 79 40 41
41 49 49 49 71 71
71 70 70 79 79 79 70
71 71 71 71 71 79 79
79 79 79 79 79 68 71
71 71 71 70 70 70 77
43 70 70 50 50 80 80
71 71 40 40
70 70 71 68 70
71 71 71 71 71 79 49 49 49
49 49 68 71 71 70 70
70 70 70 70 70 50 77 50
40 70 67 68 71 71 71
71 67 67 67 67 67 71
71 71 67 71 71 71 71
79 70 70 41 41 71 70 79
79 79 79 70 67 70 70
70 49 79 71 71 67
67 67 67 67 68 71 70
70 70 70 70 79 79 79 79 79
79 79 79 79 49 41 71 70
70 71 71 68 67 67 71 71
71 71 40 40 70 70
71 71 71 40
40 70 70 70 70 70 71 71 71
71 71 71 71
79 71 71 71 70 70
70 70 70 70 70 70 67 67
68 71 68 71 71 71 71 70
70 79 71 71 70 70 70
70 70 70 70 70 79 79
79 79 80 80 80 70 70 70 70 70
71 70 71 71 67 70
70 71 71 71 71 79 79
79 79 79 79 80 71
68 68 71 71 71 71
71 71 71 71 49 40 70 70
70 70 68 68 67 68 67
67 67 68 71 71 79
79 79 79 67 68 68 68 71
79 49 70 70 70 70 71
79 79 79 79 79 79 71 71
71 68 77 68 68 68
67 67 71 71 79
79 71 71 71 79 79 79 79
79 67 68 71 70 71 71
71 71 79 79 79 71 71
71 71 71 71 71 71 79 79
79 79 71 71 71 71 70
71 71 71 71 71 70 71 71 71 71
70 70 70 70 70 70 80 80
80 80 80 79 79 71
71 71 71 80 80 79 79 79
71 71 71 67 67 67
70 70 70 40 70 70 70
80 71 71 71
79 71 71 79 79 79
79 79 79 71 71 71
70 70 70 70 70
71 71 79 79 79 70 70 70
70 71 71 70 70 70 70 70 70
70 70 50 50 80 80 71 79
71 80 71 71 71
71 71 79 79 79 79
79 79 79 79 49 71
71 71 71 70 70
71 70 71 71 71
71 79 79 79 79 79 79 79
79 70 71 71 70 70 70
79 79 79 79 80 80 71
71 71 71 71 71
71 71 68 71
71 71 71 79
79 79 79 79 79 67 67 70 71
71 71 71 71 79
79 70 70 70 70 70 71 79
79 80 80 80 80 67
70 70 71 71 71 70 71 67
71 71 71 71 71 79
79 79 49 70 79
70 71 71 71 71 71
71 71 68 68 71 71 71
71 71 79 79 79 79 71
71 71 71 71 71 71
71 79 79 79 79 79 80 80 80
80 80 80 71 71 71 70
71 71 71 71 71 71 71 71
71 71 79 71 71 71
71 79 79
79 79 79 79 67 70 70
71 71 71 71 71 71 71 79
79 79 79 79 79 70 70
70 70 80 80 80 80 80 67
71 71 71 71 79 79 71
71 71 71 71 71 71 79
79 80 80 71 79 79
79 80 71 71 71 71 71
70 70 70 70 70 70 70 70
67 71 71 71 79 80 80
80 80 80 40 70 70
70 70 79 79 79
79 79 80 71 71 67 71
80 70 71 71 71 71
71 71 71 71 71 71
70 70 70 71 71 71 71 71 70
70 67 67 67 67 71 71
70 71 68 79 71
71 71 71 71 71 71 71 71
71 71 70 40 70 70
70 70 70 70 70
80 71 70 70
70 67 70 67 70 71
71 79 79 71 71 71 71
71 79 80 71 71 41 71
71 71 71 71 79
79 71 71 68 68 67 71 71
71 71 71 71 71 71
71 70 70 70 80 80
71 71 71 71 71 71 71
79 40 71 71 71 71
71 70 70 70 70 71 71
71 71 71 70 70 70 71 71
71 70 71 71 71 70 71
71 79 80 80 71
71 71 79 79 70 70 70
79 71 71 71 71 70 70
70 70 67 67 67 70 71
71 80 71 71 79
79 79 79 70 79 79 79
79 79 71 71 70 70 70
70 79 80 71 71 71 71
71 71 71 79 79 79 79 79 79
79 79 79 79 71 71 71 71 79
71 71 71 71 80 80 80 79 79
70 70 79 79 71 71 71 71
71 70 70 70 70 79 79
79 71 71 71 71 71 71
71 71 71 79 79 79
71 71 71 71 71 79 79
49 49 71 67 70
80 71 71 49 49 41 70 40 40
70 71 40 70 71 71 71
70 71 71 71 71 71 71
71 79 71 71 71 71 71 71
71 71 79 79
71 67 71 71 71 79 79
79 79 79 79 79 71 71 71
71 67 71 71 71 71 71 70
70 70 70 70 70 68 76
71 71 71 71 71 71 71 71 71
71 71 70 79 79 52 70 71
71 71 71 71 71 71 71
71 71 71 71 71 71 71 76 71
71 71 71 71 49 49 49 49 70
71 79 71 71 71 71 71
71 76 62 71 71 71 79 79
76 76 79 71 71 71 71
71 71 71 49 71 71
71 71 71 70 70 70 80 71
71 71 71 71 71 71 79
62 71 70 71 71 71 71 0
