0,1.3729708216997532,0
0,2.489168701927049,1
0,2.084095370571425,2
0,1.3689848499051327,3
0,3.5767560651866557,4
0,2.4463902335546828,5
0,2.3246719554849586,6
0,1.8175094401860192,7
0,2.2796459534262072,8
0,1.695052200674287,9
0,1.6456396592001028,10
0,2.2269237569512557,11
0,1.615008990417924,12
0,2.7920199953341096,13
0,2.4433302998220237,14
0,1.375272857177352,15
0,1.834269699876511,16
0,3.4907003896025426,17
0,1.4885571130764637,18
0,2.6709191119464872,19
0,4.508923058473169,20
0,4.113058561678438,21
0,1.9070660977941094,22
0,6.696993231245323,23
0,1.8905572670709796,24
0,2.494890029288054,25
0,1.7815790982901334,26
0,1.6498654488906441,27
0,1.336788572292059,28
0,1.853706489109215,29
0,1.7298346855899456,30
0,1.4715227697294841,31
0,1.0854124896150443,32
0,1.0469329399095142,33
0,1.0115766066629392,34
0,1.0084068768993808,35
0,1.0083699463589024,36
0,1.0083680803337698,37
0,1.008368015534771,38
0,1.008368015534771,39
0,1.4390439679734046,40
0,4.303965943433146,41
0,1.1064825765377566,42
0,1.0752445869740619,43
0,1.0351160481944124,44
0,1.0092091528657072,45
0,1.0083847920407003,46
0,1.9047946200342878,47
0,2.786048014088595,48
0,1.8447296974044805,49
0,1.2465798560706223,50
0,1.518871715097234,51
0,1.3763161497433827,52
0,2.1504541694004424,53
0,1.8213894783332014,54
0,1.4220179405031574,55
0,2.0064040251046,56
0,2.5258051052651953,57
0,2.095481846938004,58
0,2.3682349883703733,59
0,2.9608186138721693,60
0,3.1948111921508335,61
0,1.3863597199623399,62
0,1.3672433547235783,63
0,1.6565907009998388,64
0,1.366110730781987,65
0,1.4998679339143248,66
0,2.844255420380423,67
0,2.0811594714939092,68
0,1.370806590705959,69
0,3.1553001126866618,70
0,7.420158799696389,71
1,5.45424890401834,0
1,2.375884376312777,1
1,3.334399275251581,2
1,3.6982025480984575,3
1,3.394800032686409,4
1,2.599304128468181,5
1,3.0797810246749773,6
1,5.270922203803167,7
1,3.0468701413282795,8
1,2.4604427956020953,9
1,2.6200063129550264,10
1,12.212223216169726,11
1,2.8387384804669837,12
1,1.8909000889445695,13
1,5.124983262955996,14
1,5.2442145213302584,15
1,2.3585471532055564,16
1,2.7098506566438605,17
1,5.668360926394445,18
1,2.683682740573119,19
1,3.385930679712715,20
1,2.019957159470344,21
1,2.882705924537799,22
1,5.046268832207013,23
1,5.175965655402566,24
1,13.774784205512704,25
1,16.117948304884063,26
1,6.032159507631149,27
1,5.9385885711778545,28
1,6.706457892072569,29
1,7.493556886835717,30
1,27.24177483415809,31
1,5.908123836537251,32
1,3.104307937003842,33
1,5.497458310498302,34
1,2.7072206165592094,35
1,3.045234296034835,36
1,2.2230174775841727,37
1,3.088065981877671,38
1,3.9217147245284383,39
1,3.1200029673783636,40
1,2.36947736165842,41
1,19.327505850451317,42
1,6.775341594757509,43
2,7.479616498829293,0
2,5.173753483116918,1
2,3.399114357195324,2
2,2.6932154891427333,3
2,2.4386182064338295,4
2,4.260783721157799,5
2,2.54170345046528,6
2,2.878649985613646,7
2,3.5066275552347563,8
2,6.7418074480176795,9
2,3.5189666671888706,10
2,4.904282835694841,11
2,3.767355210115071,12
2,3.311638256288913,13
2,3.7454405094334415,14
2,2.531130988849103,15
2,4.466631224024572,16
2,1.7686352285851532,17
2,3.1055408594427716,18
2,4.941902142267395,19
2,3.6741366086462883,20
2,5.094486757025464,21
2,4.339154444088956,22
2,3.196928283268096,23
2,4.355218883628969,24
2,8.688813719027422,25
2,2.6515555623908496,26
2,2.7789194981660605,27
2,3.2884519828138514,28
2,3.9011495346106027,29
2,2.7817407252254402,30
2,3.541092485614161,31
2,7.280061068876228,32
2,2.333766430266947,33
2,6.212920462315556,34
2,9.583020532023626,35
2,11.620465942811405,36
2,5.8050246124903335,37
2,2.204750140952504,38
2,4.145907749274962,39
2,1.8164021911832842,40
2,3.1401761087419136,41
2,2.8251257596198815,42
2,4.204727802406337,43
2,2.400026306129574,44
2,2.157192075999649,45
2,5.709762827238329,46
2,7.074791420970687,47
3,1.1631484534219367,0
3,1.0497754656891451,1
3,1.0425021428835022,2
3,1.0421643379484136,3
3,1.0425863626525516,4
3,1.0428915293851257,5
3,1.0429874873496334,6
3,1.0430111382373042,7
3,1.4126020705793376,8
3,1.6062174735394097,9
3,1.2549241278329681,10
3,1.8044907999130877,11
3,1.2171227199789703,12
3,1.5758883934996621,13
3,1.0427191706797805,14
3,2.2111611137183877,15
3,1.0647135940185175,16
3,2.063980573495168,17
3,1.076950777914305,18
3,1.0430484554319737,19
3,1.245843369887035,20
3,1.2016490354697205,21
3,1.5877132244288799,22
3,1.322548984754598,23
3,1.2775619791006614,24
3,1.6981386349471828,25
3,1.6724597697898562,26
3,2.057751749727877,27
3,1.990532470186776,28
3,2.000497645286333,29
3,1.2994802163538812,30
3,1.31444127734003,31
3,1.186313912787752,32
3,1.4275833060876215,33
3,1.2840562219434972,34
3,1.0439962170239765,35
3,1.0431543644252446,36
3,1.0430441851022525,37
3,1.4174695677634281,38
3,1.0509587097965916,39
3,1.1945648766423893,40
3,1.250872930861387,41
3,1.046866464319134,42
3,1.0431405806869105,43
3,1.0430320425404829,44
3,1.3697243669458679,45
3,2.0289728180666264,46
3,2.158411860815164,47
3,1.0441973191281373,48
3,1.5859271881638524,49
3,1.0431934083287266,50
3,1.422655385308624,51
3,1.3213776948480613,52
3,1.496438354560595,53
3,1.1941234370118707,54
3,1.361928807517224,55
3,1.0432071150401192,56
3,1.1886442132610235,57
3,1.3416334359000675,58
3,1.385141907145238,59
3,1.0472986369694908,60
3,1.351297290992847,61
3,1.6771866864626033,62
3,2.2828715190221227,63
3,2.2642636259488187,64
4,3.2425800006501655,0
4,5.693671675450286,1
4,2.2907765389907944,2
4,3.1083205236355282,3
4,3.190032041286288,4
4,2.572284964748968,5
4,2.3091965222811974,6
4,2.6067281395545,7
4,8.305776421931283,8
4,4.659843735963489,9
4,2.9354654616120124,10
4,2.023094538132322,11
4,1.7910197126936465,12
4,2.0875239755444697,13
4,2.7314292199425183,14
4,3.7916895572161953,15
4,1.1053438918932033,16
4,2.0569096737958255,17
4,2.9434464051977893,18
4,1.3667541519602908,19
4,2.5441438798422498,20
4,1.81308016710432,21
4,1.784942877104448,22
4,2.8587781024832792,23
4,1.777037505808343,24
4,1.805730163274724,25
4,2.0201605233288196,26
4,1.7854028641652961,27
4,1.4272357958521844,28
4,3.1981888411614072,29
4,1.241224969356296,30
4,3.987702254594915,31
4,4.45922919334682,32
4,3.1780513915572604,33
4,7.011409379036097,34
4,2.8494562896836872,35
4,2.4120403743901453,36
4,2.240972623149723,37
4,4.84386816289274,38
4,3.6539038936599852,39
5,4.779028848950168,0
5,3.1327199232962677,1
5,2.277677802856809,2
5,3.0425520325634077,3
5,3.2392821251068544,4
5,2.7842491537171226,5
5,3.4991158042388073,6
5,2.657462902189933,7
5,3.4675221824210376,8
5,3.035028062312171,9
5,3.7429177905562216,10
5,3.451590763242644,11
5,3.0005336877470983,12
5,4.9027776288418154,13
5,3.850218837974633,14
5,4.715384605746159,15
5,3.221752067987327,16
5,3.128054910238702,17
5,3.592044614816069,18
5,3.8689849159250826,19
5,2.2212985293909084,20
5,2.939404167753154,21
5,3.170193098844324,22
5,2.78263389252548,23
5,2.4947246725463157,24
5,2.904183992988341,25
5,3.083147320354615,26
5,3.8550246208350383,27
5,2.978894497028417,28
5,3.0257259056177093,29
5,2.6318022849801794,30
5,2.9587524184701652,31
5,2.981657482819808,32
5,2.587652736419196,33
5,3.3067899865548283,34
5,2.5310857291047166,35
5,3.4096936967899807,36
5,2.3511950366352132,37
5,3.305702567355375,38
5,2.9783774989755574,39
5,2.9492076216716634,40
5,2.679963691539873,41
5,2.8333031695253603,42
5,2.925011622805573,43
5,2.8722560995834905,44
5,3.2411960760599294,45
5,3.751704209744478,46
5,3.1837593893554472,47
5,3.8405570205734048,48
6,3.0864223680433245,0
6,3.407094517516513,1
6,2.3615662196404554,2
6,4.1555217820012675,3
6,3.20347624122081,4
6,3.605955603893279,5
6,3.2678502001841094,6
6,2.5975426998522777,7
6,2.402593471627404,8
6,1.8981008283167498,9
6,2.1745564500954457,10
6,2.0915474339111557,11
6,6.538130928074928,12
6,2.0793888372521483,13
6,2.2658274146739354,14
6,3.1891480094228997,15
6,2.9547053637231513,16
6,2.7135050786473736,17
6,2.4916846281662983,18
6,3.8822649325647536,19
6,2.1356104371487428,20
6,2.1636638713144487,21
6,3.6444609969196984,22
6,3.216661117765224,23
6,2.3255970358173417,24
6,2.751560400225999,25
6,3.113065580333248,26
6,2.598801737091998,27
6,3.03589615312614,28
7,4.141780507326135,0
7,3.4424872674111504,1
7,4.274546797009074,2
7,4.5304108927830224,3
7,2.8460906749097807,4
7,4.843311548420385,5
7,3.7698094629037007,6
7,1.9487500510225089,7
7,4.727224151337116,8
7,4.661873962905378,9
7,5.699455427367112,10
7,3.0174495648962694,11
7,3.5688260523152375,12
7,3.03026901561762,13
7,2.3529080572330057,14
7,5.399026282992395,15
7,3.922745708164489,16
7,3.9576428880038454,17
7,4.295301182749948,18
7,5.1727439463595495,19
7,6.713451320280353,20
7,3.542403023060186,21
7,2.984483868789639,22
7,3.3871656224683413,23
7,7.8337188597725795,24
7,3.290065908455461,25
7,5.050715732940013,26
7,2.5461088673753296,27
7,2.8846419848594635,28
7,3.2115012602446353,29
7,4.859196099197993,30
7,4.3019023467394035,31
8,3.204557155619305,0
8,3.7195561805301742,1
8,4.59721345299728,2
8,4.010253689900007,3
8,6.666129545413719,4
8,2.6161663886621347,5
8,5.482451697975155,6
8,4.617027877888565,7
8,5.072869996001227,8
8,4.921091800166497,9
8,1.1080681881258305,10
8,3.894767718721674,11
8,2.8622109240919675,12
8,2.1223435343091928,13
8,4.2680145750669976,14
8,4.015791526730844,15
8,3.5381641071542558,16
8,2.9242254357833826,17
8,3.3598410883122107,18
8,3.058020498804943,19
8,3.2073734460911894,20
8,8.005010311518042,21
8,3.0756325860330263,22
8,3.575287478881095,23
8,2.4236593422806787,24
8,5.693681177797991,25
8,4.007517255282396,26
8,5.091523945386995,27
8,3.6381907147715213,28
8,3.5274489649292873,29
8,5.460079735444054,30
8,2.5308182605400487,31
8,3.553146224092243,32
8,4.052008637347676,33
8,3.419910893596285,34
8,2.5093167554568816,35
8,3.529116239401372,36
8,6.965640022999987,37
8,6.883544944784111,38
8,2.549735930433757,39
9,2.6126200105673703,0
9,1.6301863606829257,1
9,1.6492156501784565,2
9,1.7657537396898986,3
9,4.388673567738943,4
9,1.251097183654558,5
9,1.2414676750746034,6
9,8.241714110555256,7
9,2.061192915083455,8
9,1.6160656674164706,9
9,1.373624433201697,10
9,2.196795357765367,11
9,1.4218094489582689,12
9,2.4942142473586,13
9,2.6211162532573606,14
9,2.5923843943384943,15
9,1.656038043886113,16
9,1.3900480047626562,17
9,1.3983614951604038,18
9,2.3848624732377326,19
9,2.0578728103806,20
9,1.7945057070001835,21
9,2.7165409712913857,22
9,1.623820655280437,23
9,2.128168306223292,24
9,3.1048619697662363,25
9,3.1066068749933784,26
9,1.8554699666593768,27
9,2.982791911665947,28
9,2.5543499914345276,29
9,2.941905365865673,30
9,3.268372639354539,31
9,2.195497740800212,32
9,2.485841001397678,33
9,1.8905967075803907,34
9,5.190103034968406,35
9,2.3671535431029995,36
9,2.4698104976227895,37
9,1.2412435761632654,38
9,3.1768222505179255,39
9,2.0027145709609475,40
9,3.245485419060464,41
9,1.7604814834619942,42
9,3.5057117873616903,43
9,2.9132038201108195,44
9,3.7482906543114805,45
9,2.068269539644599,46
9,2.50268729898989,47
9,3.0661595584882093,48
9,5.84553108424594,49
9,9.24441666828578,50
9,2.0723624844527486,51
9,3.5400212788896828,52
9,1.481450717158097,53
9,2.5685457540123315,54
9,2.3918720230055635,55
9,1.907732775160702,56
9,1.97201254531493,57
9,2.0689790056220327,58
9,2.9749535885168923,59
9,1.811877121173452,60
9,3.0531962813528803,61
9,1.9225911387542987,62
9,3.4280665597570557,63
9,2.756025304102448,64
9,1.906838657693002,65
9,5.4244081116703775,66
9,5.155830730337003,67
9,3.308974970779609,68
9,3.4827710134401872,69
9,1.5000595731172346,70
9,2.8605078087604636,71
9,6.168331894499937,72
9,4.077570096657507,73
9,4.764577396971279,74
9,2.012359868570962,75
9,2.6746399574509283,76
9,3.373340570466468,77
9,4.928094217672858,78
9,2.1439164588134947,79
10,1.0547325961229919,0
10,1.0429661798627592,1
10,1.0429555495944318,2
10,1.043000332664175,3
10,1.194640584158623,4
10,2.254131117642373,5
10,1.3680729713118274,6
10,1.0433126631389653,7
10,2.120096918501203,8
10,3.962675342791238,9
10,1.5715927222690418,10
10,1.2602459065013443,11
10,2.566186843647687,12
10,1.2515375854619972,13
10,1.2568058609100357,14
10,1.59818076558406,15
10,1.443303606386128,16
10,1.6821131387206303,17
10,1.4650358994515944,18
10,2.72552640555032,19
10,2.783024349424886,20
10,1.7110225865010724,21
10,1.2840562219434972,22
10,2.44262378662394,23
10,1.3824882620371364,24
10,1.5565586256950301,25
10,1.854635828336134,26
10,1.6091359188889722,27
10,1.0425230175667577,28
10,1.18716108896764,29
10,1.7652555700900796,30
10,1.0440394423651087,31
10,2.6661099002889306,32
10,1.081358471835156,33
10,1.043408173977695,34
10,1.528935152177568,35
10,1.3798438541350784,36
10,1.1946394804641542,37
10,1.0434574933783007,38
10,1.0430389977825694,39
10,1.377646043300404,40
10,1.7455996755918375,41
10,1.4069758513900024,42
10,1.4402040529217088,43
10,1.819798635896704,44
10,1.5963111638173857,45
10,1.643576059505808,46
10,1.4327661145495345,47
10,1.380997206613754,48
10,1.194937461585335,49
10,1.043131370904047,50
10,1.419785408545189,51
10,1.1482992577550502,52
10,3.9040390500155695,53
10,4.116629111930488,54
10,1.4706165702409324,55
10,4.488853326435109,56
11,4.037290243953008,0
11,25.094617702423502,1
11,3.963466671211242,2
11,7.996741050875392,3
11,7.478687467891545,4
11,17.524506172404458,5
11,14.190985855254493,6
11,10.665720553724439,7
11,3.6185704665820935,8
11,4.3386154848090435,9
11,12.029863546071162,10
11,3.8194811680268157,11
11,4.997649299869887,12
11,6.189716760167162,13
11,2.078669235055192,14
11,6.095738305485456,15
11,5.997296357812842,16
11,7.885854848973608,17
11,10.309261042630968,18
11,9.645379721408679,19
11,3.903449900958111,20
11,7.583703675137286,21
11,21.691174851777575,22
11,4.003180352231245,23
11,1.0902045532212548,24
11,2.190762514474167,25
11,10.331277981930487,26
11,10.13132737052804,27
11,4.173547400841281,28
11,3.2082326987181564,29
11,6.033446095843567,30
11,4.322537055229914,31
11,6.93926194072917,32
11,9.50460310300133,33
11,10.567291561975798,34
11,16.06361425596128,35
11,22.467907664380544,36
11,7.173041491340231,37
11,18.294561194202927,38
11,15.370022385292318,39
11,10.194760412649812,40
11,1.7905519817221995,41
11,8.122140788677548,42
11,6.530866227249893,43
11,18.49414146359329,44
11,4.173178750638874,45
11,10.049604335822238,46
11,13.810726934763993,47
11,11.022869944937204,48
11,8.499221695904447,49
11,13.076833977533276,50
11,14.605635561940382,51
11,11.374964484673004,52
11,8.974506194508832,53
11,18.04582390120997,54
11,5.892694423109358,55
11,6.494506458470524,56
11,7.41666210580068,57
11,5.223051940208024,58
11,5.696346533479067,59
11,4.028137016795587,60
11,24.456063835634065,61
11,4.802755934252199,62
11,7.654077439019404,63
11,21.9408208052765,64
11,3.1440056753760603,65
11,14.014782122496062,66
11,5.522664905615477,67
11,15.296232174374703,68
11,6.625323370787354,69
11,12.169012774584692,70
11,15.61324500279268,71
11,4.9717300188215905,72
11,5.332578011616011,73
11,5.576634018950796,74
11,1.279625348630379,75
11,13.971158214993972,76
11,8.602120751722028,77
11,9.368107718625565,78
11,4.166692655438881,79
11,5.194124960306867,80
11,6.1811125207271305,81
11,4.882417808154779,82
11,14.867710913366755,83
11,17.34901360711149,84
11,13.493069583229023,85
11,7.677438559939053,86
11,3.382301934244504,87
11,10.20719331862942,88
11,18.183448216491083,89
11,13.282067457813486,90
11,10.546410955922433,91
11,14.923930147617781,92
11,20.189448032786856,93
11,3.0838707235375216,94
11,5.578673292161683,95
11,3.4950978418006375,96
11,11.556176859547552,97
11,5.86514796323889,98
11,13.924147368653465,99
11,15.557737385470084,100
11,20.854336108622963,101
11,7.551611170433203,102
11,9.022565592062078,103
11,5.866220603618045,104
11,5.212842601395875,105
11,14.135394200935282,106
11,14.394731180351124,107
11,2.815600504423423,108
11,5.948901508360048,109
11,8.39715911352769,110
11,4.485876944811454,111
11,16.916665900807505,112
11,12.093800275729711,113
11,23.601183155497232,114
11,7.19739646427548,115
11,18.713090375228802,116
11,11.165510835393464,117
11,20.322502376548485,118
11,11.678882173823155,119
11,11.922452141030778,120
11,6.352519096436838,121
11,9.027768565759837,122
11,9.259257353668342,123
11,2.3906350067572872,124
11,3.2980361606390964,125
11,10.039993736433885,126
11,18.430101009552722,127
11,9.225267985943608,128
11,4.804452649531885,129
11,2.639672785122428,130
12,1.5291715203461425,0
12,2.1662774939131038,1
12,1.9276586804901479,2
12,2.171628117830934,3
12,1.8494796774200468,4
12,1.5327142138345935,5
12,2.1717872043393442,6
12,3.700371333748515,7
12,2.9014018325593263,8
12,1.7249289547305313,9
12,2.419264195103944,10
12,1.549246152380415,11
12,2.160924983483897,12
12,2.3004870985969563,13
12,2.5949959840482655,14
12,1.5875769084443447,15
12,1.972146664278899,16
12,1.772573311703591,17
12,2.825302912103366,18
12,2.1624912578148114,19
12,2.4125405979416152,20
12,3.0535195032516547,21
12,2.0556313388986376,22
12,1.8210527461915789,23
12,2.7519980024416277,24
12,2.568189674476027,25
12,2.20333737462943,26
12,2.0651731321249356,27
12,1.9473352216205289,28
12,4.052471896378457,29
12,1.922289089109715,30
12,2.66410311388806,31
12,3.0478785936444375,32
12,2.3416051005732434,33
12,4.043177729876366,34
12,2.426374568617932,35
12,2.8063304945359677,36
12,1.523771305954631,37
12,1.379709389944163,38
12,1.6639255372227566,39
12,2.163335552822492,40
12,4.763702217272558,41
12,3.1680835155077545,42
12,3.676432837842831,43
12,2.060770577121167,44
12,2.36763133338529,45
12,1.831009726042264,46
12,3.162101292339724,47
12,2.517340360997364,48
12,2.3778360484165284,49
12,3.1934838207863225,50
12,3.863992216501081,51
12,2.5320906859009193,52
12,3.5498117678251973,53
13,1.5736400871393526,0
13,1.0502000678344903,1
13,1.8206483591269238,2
13,1.7018986488869103,3
13,1.3851703909456137,4
13,1.0428128984579215,5
13,1.0429096689519697,6
13,1.0429886063544103,7
13,1.0430110605269216,8
13,1.3013005608904742,9
13,1.3635048421205258,10
13,1.7158705625410773,11
13,1.0554390486204033,12
13,1.0434471729609243,13
13,16.020192601633926,14
13,1.4523692011312714,15
13,1.5944563890410282,16
13,1.043638317431404,17
13,1.3575813710453886,18
13,1.0444787979742731,19
13,1.4324040663556512,20
13,3.8014785795811417,21
13,1.084857809792162,22
13,1.4417281831387576,23
13,1.725482387245296,24
13,1.2606834985658544,25
13,1.4028651937057608,26
13,1.2600517640586681,27
13,2.149830678422021,28
13,1.3568767163923308,29
13,1.8614660107288061,30
13,2.499665710709989,31
13,1.5918400783093025,32
13,3.2676378979158303,33
14,1.9870751952030306,0
14,1.8830858879760297,1
14,3.195882706147402,2
14,3.8957883673310243,3
14,2.7728373656874328,4
14,2.5955692685177443,5
14,8.601060498972663,6
14,9.81486073195344,7
14,14.40927979009704,8
14,2.542486963904714,9
14,5.899304097949242,10
14,2.7902063026165926,11
14,4.685105961600409,12
14,8.682698512130207,13
14,4.140911124711614,14
14,9.332370323512581,15
14,5.815959705969953,16
14,3.0791921908060247,17
14,6.045563103613903,18
14,2.9523847386050437,19
14,2.3383366876841287,20
14,4.869133046936931,21
14,12.500805416612572,22
14,5.691207030612045,23
14,8.973213915393197,24
14,5.257932167431673,25
14,15.79621561603721,26
14,6.714907234307751,27
14,10.031021294122736,28
14,5.802897754675702,29
14,2.2328307188770276,30
14,7.07327687108616,31
14,13.354881726918457,32
14,8.018295240862868,33
14,3.81675979382635,34
14,13.780299421480827,35
14,16.576646086263064,36
14,6.64809443939767,37
14,7.769162058371678,38
14,4.775385268360918,39
14,41.26322456018194,40
14,6.150213005568569,41
14,8.091816272889284,42
14,4.748511346430244,43
14,35.570071386754705,44
14,61.266425862227415,45
14,3.9134770707273576,46
14,16.395401267832597,47
14,5.4180863674086455,48
14,12.143366068887536,49
14,45.12429638931393,50
14,20.207815222127145,51
14,10.563417375700555,52
14,14.221018149728684,53
14,42.51146230103793,54
14,22.442948292228003,55
14,7.569319466573232,56
14,4.078696995601858,57
14,9.068912377016414,58
15,4.686394058440202,0
15,6.811589324908507,1
15,4.690351052940822,2
15,5.90516439145509,3
15,2.570948513823785,4
15,3.714769595203217,5
15,2.3559815521647756,6
15,2.5404660185891674,7
15,2.935986210708019,8
15,3.3416717467830286,9
15,2.9943516445303424,10
15,3.7956204175210253,11
15,2.243153451233428,12
15,2.8150910402941203,13
15,2.2556025346603517,14
15,3.098985827034499,15
15,2.629102880136169,16
15,2.263126463416288,17
15,4.86484602061029,18
15,4.234918248595858,19
15,3.279984423958425,20
15,6.303826565280464,21
15,2.573666903539362,22
15,2.5612938422782423,23
15,3.6879891639281546,24
15,7.742562182149057,25
15,2.2480200069198477,26
15,2.134464859214488,27
15,2.7136896274174807,28
15,2.8408749516597913,29
15,2.0464941747277865,30
15,3.3564747672670388,31
15,3.809796112994657,32
15,3.5502133793832478,33
15,3.565507484150946,34
15,2.0724921870626356,35
15,3.096751963187895,36
15,2.0790648801070777,37
15,2.444348638113689,38
15,3.2853651460267055,39
15,3.9283963789511387,40
15,2.069314958641112,41
15,2.3056795029238337,42
15,4.160173494897698,43
15,3.7389282973793385,44
15,3.039142746219184,45
15,2.5472263690337917,46
15,2.6484963124738146,47
15,4.577558822222414,48
15,3.8174127649507086,49
15,2.4635027221930144,50
15,2.4067696823585756,51
15,3.5268476944802134,52
15,2.387078181435592,53
15,2.0106832426155665,54
15,3.799739251986737,55
15,1.9701933784105348,56
15,1.7332488028273587,57
15,2.5765302188062815,58
15,2.968522023374269,59
15,2.006106146039982,60
15,2.1074078022975793,61
15,3.8779253509767857,62
15,2.145523092290624,63
15,1.7384260327181023,64
15,6.529527275856132,65
15,3.0635833971611093,66
15,4.065164692793475,67
15,2.244920488796694,68
15,1.8206101608048968,69
15,2.6303769011306537,70
15,2.506534858002758,71
15,3.538631050670292,72
15,2.3327744171891074,73
15,2.681976670319102,74
15,4.491818831674334,75
15,2.767538462494424,76
15,2.213427707013329,77
15,2.642958603982462,78
15,2.4375833675521266,79
15,2.553557799454325,80
15,2.440612101077983,81
15,2.4725174453623215,82
15,2.4597577243518747,83
15,2.62349985462896,84
15,8.69892473847612,85
15,3.8092893007017747,86
16,2.985828301560745,0
16,1.8816706163270196,1
16,2.66205674190709,2
16,2.0449245212677147,3
16,3.245414618594711,4
16,3.525371442803632,5
16,1.7318730575607255,6
16,3.145629330254455,7
16,3.2280433900514205,8
16,2.7883981093067103,9
16,3.0266692691205557,10
16,2.769529563399387,11
16,2.8565209002619305,12
16,2.150084538539066,13
16,4.561185897484415,14
16,3.3248695489811353,15
16,3.408737007326594,16
16,3.1111820435043946,17
16,3.7724357505283,18
16,2.8512857227637283,19
16,4.065075526378722,20
16,4.2020309798695,21
16,4.85305170763334,22
16,3.1081289600064954,23
16,4.389187874629191,24
16,3.1209135930525824,25
16,4.265033616044142,26
16,3.6783586399677852,27
16,2.3401116139896296,28
16,3.633112094310197,29
16,6.728919816520613,30
16,5.5809029170860835,31
16,2.4033689125623665,32
16,6.080292219635626,33
16,5.162726489819951,34
16,5.33599213891716,35
16,3.156424598713591,36
16,2.613366971010419,37
16,3.7142125504872303,38
16,4.602412267995905,39
16,2.5165354973134932,40
16,10.476025744105126,41
16,4.11476373956563,42
16,22.73611826375954,43
16,19.967459201036203,44
16,28.00824769263936,45
16,3.9354375043098195,46
16,136.1130790515128,47
16,2.9098149414810672,48
16,2.491200067655448,49
16,2.498813027761236,50
16,7.3996320282088766,51
16,3.7994126788211573,52
16,7.936106702937982,53
16,6.38531642125635,54
16,6.1219567794519225,55
16,3.4763690372575264,56
16,3.926087395573917,57
16,4.938424608983151,58
16,3.9496348543594237,59
16,7.029409371660233,60
16,10.350165560767358,61
16,3.274169090614978,62
16,9.64683550194023,63
16,10.682888799952392,64
16,4.2973411215368715,65
16,2.98587528580852,66
16,3.133406771873902,67
16,3.6960945152820477,68
16,2.4413794400445865,69
16,2.5408393051225353,70
16,4.4692197485158704,71
16,2.9364527935532423,72
16,2.3809130131898337,73
16,2.1691499970111776,74
16,5.857721083926388,75
16,2.8635712789584686,76
16,7.605591463020987,77
17,4.757114853378529,0
17,6.716694942559457,1
17,3.1371989122096284,2
17,2.261136994394215,3
17,1.788055926181918,4
17,2.585416816494998,5
17,2.1590181512176647,6
17,1.7168204381082608,7
17,6.115874050178824,8
17,2.1499046164122357,9
17,3.3223991916411735,10
17,3.9475896139841553,11
17,3.1266468096338786,12
17,2.3323607973958405,13
17,3.479259128268545,14
17,4.450667796440103,15
17,2.223523030828719,16
17,2.938604653933438,17
17,2.649426286904311,18
17,2.934135311141518,19
17,1.8046961360622242,20
17,2.1889787399589653,21
17,1.966866856055883,22
17,1.9145988418575461,23
17,2.078042156256683,24
17,2.0119931071438675,25
17,2.6796419979452484,26
17,4.217227285497814,27
17,2.659107731641641,28
17,4.152867410468082,29
17,7.945050091014281,30
17,3.3884159610432536,31
17,4.6887494092257445,32
17,3.692182658868853,33
17,4.794904913671831,34
17,3.3637067675447683,35
17,4.4483063657927095,36
17,2.979540160418865,37
17,4.689867986546317,38
17,13.419495479276755,39
17,3.502993479217903,40
17,4.51428140729129,41
17,3.070937630564443,42
17,5.019279392050629,43
17,3.7741864255498543,44
17,5.721126795205525,45
17,3.2866002381070736,46
17,2.3948910654321565,47
17,4.846182493961955,48
17,2.0079871970769068,49
17,3.778937849330886,50
17,1.8580059740622998,51
17,2.300516716646342,52
17,2.401765026133452,53
17,4.6027957905320145,54
17,1.9689568482265534,55
17,2.06641441473126,56
17,9.865263237223697,57
17,2.8166462350375974,58
17,3.4801613482466167,59
17,4.060644869777696,60
17,3.0206656284115185,61
17,2.567280410762143,62
17,3.152534807473589,63
17,2.9545095312632004,64
17,3.3630993299812264,65
17,3.09206457782258,66
17,1.989696673170993,67
17,5.426764332189425,68
17,2.6728285924064217,69
17,2.4062193097972875,70
17,2.306546019435002,71
17,2.8549671722226777,72
17,2.468611892587361,73
17,3.1692748948278235,74
17,2.210868810681995,75
17,6.2594003612980655,76
17,10.343719542545255,77
17,11.39786324656213,78
17,5.779934013522313,79
17,6.94452673909305,80
17,2.0272214506492543,81
17,1.8592873014387155,82
17,2.8865525052358527,83
17,3.1743998302472405,84
17,2.4779740674399124,85
17,4.118189962332758,86
17,8.386175110968816,87
17,5.152450183793625,88
17,3.3646728793512786,89
17,2.351603866812008,90
17,2.4648275408608424,91
17,5.203326804253694,92
17,2.4667225931835435,93
17,3.155486308017123,94
17,3.086312726785915,95
17,1.9356460760837353,96
17,2.9482616906075796,97
17,4.137227284836994,98
17,4.407086887769814,99
18,2.252158416011439,0
18,2.743778526585364,1
18,4.6950148654124995,2
18,2.167200254222158,3
18,2.8652915888275423,4
18,2.976098238738343,5
18,3.6354632923425476,6
18,3.6355269999071957,7
18,2.253030736352225,8
18,2.4729103743959504,9
18,2.8320743417841934,10
18,3.105360202549673,11
18,2.7743113401745423,12
18,3.5585474291018184,13
18,10.41765585075008,14
18,4.861542673937596,15
18,4.818915324233728,16
18,5.351713561275514,17
18,2.802995434681528,18
18,3.068032296474355,19
18,5.980286521506692,20
18,2.7256268039919656,21
18,3.162200432230003,22
18,2.3103863035267245,23
18,6.454069149626995,24
18,3.878502787586481,25
18,4.284330427136465,26
18,2.4696830151673828,27
18,2.908934007348902,28
18,3.4843316043749324,29
18,2.3793277999792473,30
18,2.843340779094652,31
18,5.1209013289218355,32
18,2.286971439876809,33
18,1.910287609016657,34
18,3.2818966026793253,35
18,2.046105093737619,36
18,2.623646536394084,37
18,5.173364322523629,38
18,2.691163276883433,39
18,2.423312082065271,40
18,3.6715117893513765,41
18,2.7549258872866376,42
18,3.8829666038657122,43
18,3.9192073630230593,44
18,2.425965319495467,45
18,2.5518293483280194,46
18,3.2730705484366465,47
18,2.453703912200004,48
18,3.7550116500280613,49
18,3.6058911249589136,50
18,4.485566795775555,51
18,2.302941753207421,52
18,3.3042877631998735,53
18,3.3926970968387473,54
18,1.9845263677838691,55
18,3.431658495338102,56
18,4.898439374347595,57
18,4.426384719202222,58
18,4.824453996237131,59
18,2.708909483395016,60
18,4.703707602929667,61
18,2.9554465450699796,62
18,2.676428780334172,63
18,1.7786042186495528,64
18,1.813161003769812,65
18,2.502900772921637,66
18,2.557748973455747,67
18,2.9563302874134902,68
18,1.9420277281257632,69
18,2.279350982486629,70
18,2.9343084554619834,71
18,3.1676662231839785,72
18,3.5331130801304735,73
18,4.12206814290783,74
18,3.5455301734835154,75
18,3.4883259622315634,76
18,2.546420297765027,77
18,3.442102355810808,78
18,2.868669992233089,79
18,2.9365707635989575,80
18,4.427617519035929,81
18,2.4665761575188223,82
18,2.045887167528528,83
18,3.1518264825058706,84
18,3.4662430665532953,85
18,3.2364906735347305,86
18,3.99595228663322,87
18,2.9878923899929855,88
18,4.157132068515803,89
18,3.1509188567928508,90
18,1.9933002444498382,91
18,4.273284789135715,92
18,5.095136620328112,93
18,4.077493782146867,94
18,2.1516720680088133,95
18,2.1063770369646777,96
18,2.2116757031131655,97
18,1.984607750901106,98
18,2.1740357247475988,99
18,2.682868348068022,100
18,2.8729437202938173,101
18,2.2871967782183553,102
18,2.843442466703225,103
18,5.494168137303166,104
19,2.6017413991658405,0
19,4.263727655178255,1
19,5.349282794668523,2
19,4.022082037525502,3
19,3.0054695933583955,4
19,5.655448432274723,5
19,7.683593147780922,6
19,3.1453349782607405,7
19,3.0256779336114716,8
19,3.3739502599924975,9
19,3.2773813667007845,10
19,2.1951921996128565,11
19,3.5601139641836674,12
19,3.3806226125332732,13
19,3.383539586987191,14
19,3.955808530502854,15
19,3.6330150810460666,16
19,4.934634208435247,17
19,4.350081489618572,18
19,4.514749617093451,19
19,3.170466344225113,20
19,4.077678494882564,21
19,4.112375609883894,22
19,3.8763779305321853,23
19,2.4889488332020395,24
19,3.6626402811389256,25
19,2.929564851328881,26
19,3.606324875465294,27
19,3.084246827907121,28
19,3.053396471063296,29
19,4.05811979573331,30
19,2.9717397857277446,31
19,4.091713858885969,32
19,3.629303239094905,33
19,2.522421059482051,34
19,3.6004760040416213,35
19,2.2913853192986853,36
19,3.1030592278080706,37
19,4.617524909169479,38
19,6.376410636402872,39
19,3.053313117752726,40
19,5.177937419962663,41
19,3.7952150231726187,42
19,3.2645698207665514,43
19,7.818219195594101,44
19,2.3408670283303676,45
19,5.0635849634756696,46
19,8.446461342878647,47
19,2.813093676107199,48
19,5.27155121256584,49
19,3.8845541633475658,50
19,3.6487463580804196,51
19,3.757275113074513,52
19,4.771293968617762,53
19,2.520129744676917,54
19,2.1867450032803863,55
19,3.10616879792452,56
19,2.2291892348761473,57
19,3.090850638485993,58
19,2.199510618553225,59
19,3.4513146834954265,60
19,2.836963091696927,61
19,2.721243586819793,62
19,5.55123933205058,63
19,2.1002117865131598,64
19,3.633432169834511,65
19,5.3022568122849325,66
19,25.065796094846235,67
19,3.665321239994669,68
19,1.7165022198342748,69
19,2.7020322902550764,70
19,8.511368337752959,71
19,2.331102731968187,72
19,2.4274775711044088,73
19,4.7084632766813,74
19,2.6893771093464416,75
19,2.7115957924600256,76
19,4.303890009340089,77
20,5.712055739507924,0
20,3.2608134082446982,1
20,6.068629350736316,2
20,3.9154663629400495,3
20,3.1063743124404564,4
20,4.308503383335929,5
20,4.782508161660532,6
20,3.5615741949468696,7
20,1.4620931939263728,8
20,3.9929942670354817,9
20,2.6212242108964654,10
20,2.178039882536254,11
20,1.593265545083799,12
20,1.9996165442890936,13
20,5.593792577164214,14
20,2.8641523399381876,15
20,3.1648089652263325,16
20,3.0078523821596446,17
20,2.331874557747582,18
20,1.933111135725154,19
20,1.8330220017944534,20
20,1.8065665336396535,21
20,3.0635143737022323,22
20,2.269900919378118,23
20,2.552234120873806,24
20,6.458869588221682,25
20,9.709531243785662,26
20,4.5292596161098855,27
20,4.0534715376109425,28
20,6.464249979400065,29
20,3.0603738091826878,30
20,7.8094539517719985,31
20,4.735616340289188,32
20,4.955686724401347,33
20,12.971144193537114,34
20,3.26319207105434,35
20,7.420008427404078,36
20,2.834777182497381,37
20,2.6240647339039413,38
20,4.664804182012312,39
20,3.3615898316855928,40
20,3.440932702111336,41
20,3.933270670977583,42
20,5.563792519300166,43
20,16.537747012721077,44
20,5.392720619237271,45
20,19.619844316463542,46
20,4.433861724885271,47
20,4.418365661619659,48
20,4.224148549428849,49
20,4.877259678688111,50
20,2.1301192452213984,51
20,2.915747026175959,52
20,2.9432695638882698,53
20,2.1599240439093825,54
20,9.309165660925983,55
20,6.164810705320041,56
20,7.879671632465641,57
20,4.574282595868231,58
20,4.816132871697409,59
20,49.49540254809984,60
20,42.45034852886857,61
20,4.93962218235141,62
20,5.382313731567118,63
20,3.6090179608224053,64
20,4.850383687721648,65
20,4.292210087164169,66
21,4.977644295561552,0
21,4.0709477216465935,1
21,2.4216244476011126,2
21,2.06439950873841,3
21,2.26244994202321,4
21,3.3539293503303926,5
21,5.942562122812312,6
21,3.0545512758904194,7
21,2.1859337862956125,8
21,3.4332686246779116,9
21,2.597220992158397,10
21,1.9968070310722128,11
21,10.279406223679421,12
21,3.534705077537321,13
21,2.497713490412053,14
21,144.13080348620085,15
21,13.145576695287932,16
21,5.092670009078663,17
21,16.36558734423256,18
21,4.199076584302004,19
21,6.214154487483875,20
21,2.7239952191924037,21
21,3.8731145666191216,22
21,5.135016244486787,23
21,6.324428017948113,24
21,2.3120859913832876,25
21,2.1853031346491334,26
21,8.580165163561798,27
21,3.0368368952055387,28
21,3.6778688741972796,29
21,2.018161366870493,30
21,3.9035359874929276,31
21,3.7041673408787275,32
21,2.972517485951482,33
21,3.1426518337595857,34
21,16.07170496573842,35
21,1.6985896163338008,36
21,2.5646201282105205,37
21,1.7090486865131655,38
21,6.675257744084981,39
21,2.4705011664997176,40
21,2.5167579529992863,41
21,2.074244090655446,42
21,3.9767253831247205,43
21,4.625294461094903,44
21,2.7645642168651134,45
21,10.618522158716472,46
21,4.075058786989795,47
22,3.508913211238277,0
22,3.4638708229991098,1
22,2.594592626093406,2
22,2.9599952794927233,3
22,3.0275154800261252,4
22,6.684432706675525,5
22,1.9986834131188804,6
22,1.9258228052659572,7
22,2.1879387234783043,8
22,5.647070516659515,9
22,7.472499252000753,10
22,4.556839171604615,11
22,4.488829781524157,12
22,5.075437133155417,13
22,4.551374965606848,14
22,23.324941955245748,15
22,8.553121146768294,16
22,4.450511814255378,17
22,5.304829995014345,18
22,4.555980968683517,19
22,4.941003225930484,20
22,11.377983344391463,21
22,12.907809031260017,22
22,4.3194129716733825,23
22,5.5790350800383095,24
22,6.466354056066018,25
22,3.1816328135296486,26
22,8.789585313368619,27
22,5.967469399251577,28
22,7.481940473030679,29
22,4.043140617252154,30
22,3.4267640075585515,31
22,6.79048479199865,32
22,5.787202937569206,33
22,2.7005848055672326,34
22,4.536746524934906,35
22,4.27812697529339,36
22,5.859796085115223,37
22,6.046257886074904,38
22,2.7442610177392615,39
22,4.588556155740764,40
22,5.208314422827668,41
22,6.613810202563112,42
22,3.6839312988688966,43
22,4.934225388675397,44
22,5.289366731907033,45
22,6.045713729132339,46
22,10.149941357985574,47
22,2.1364935190801657,48
22,4.0495058294833814,49
22,7.87759598646833,50
22,15.363255545857033,51
22,15.57691119526485,52
22,18.334794657142822,53
22,6.561738003798819,54
22,5.399168523579398,55
22,3.1018206348028974,56
22,4.223814200317356,57
22,4.099603824230762,58
22,5.1026287831367325,59
22,3.1696334539604343,60
22,4.962192347475636,61
22,3.2804806463446865,62
22,5.385447682843774,63
22,6.672559096460357,64
22,2.986603280167473,65
22,2.3595063874673965,66
22,4.600621273343804,67
22,4.1866139293938325,68
22,3.542362905989317,69
22,4.3317142469167855,70
22,4.8563707049787554,71
22,4.843148733457566,72
22,6.66912610413673,73
22,10.123342471281719,74
22,4.5243553909311425,75
22,6.022996645231477,76
22,4.199369927944607,77
22,2.776817041500633,78
22,3.7634868215266155,79
22,2.96302683052106,80
23,1.0735597117982707,0
23,1.2020424402081373,1
23,1.2027363655334213,2
23,1.042927836030787,3
23,1.2035610320287422,4
23,1.2037782917125697,5
23,1.04304411127505,6
23,1.0430158436117594,7
23,1.043016546894158,8
23,1.0430177125566362,9
23,1.0430182215629937,10
23,1.0430182992739099,11
23,1.194528012574975,12
23,1.0432868678113052,13
23,1.7509186792104838,14
23,1.2117965515193752,15
23,1.3376971795113597,16
23,1.3358689570743867,17
23,1.0441797484253796,18
23,1.043180867642245,19
23,1.0430513929937788,20
23,1.0430254720163992,21
23,1.3373098928403564,22
23,1.2197935131953357,23
23,1.0433031564546198,24
23,1.0430747927563835,25
23,1.449647720413003,26
23,1.0431882474701721,27
23,1.465749894789112,28
23,1.4327190601892896,29
23,1.2206894266622281,30
23,1.5589766762168986,31
23,1.043674191292486,32
23,1.043129960298916,33
23,1.0430410649360853,34
23,1.0430232805557145,35
23,1.0430193716851437,36
23,1.043018563491068,37
23,1.0430184624668526,38
23,1.0430183497860084,39
23,1.0430183497860084,40
23,1.0430183497860084,41
23,1.0430183497860084,42
23,1.7629766649786258,43
23,1.0440286611425587,44
23,1.0431067574783441,45
23,1.7594806035374895,46
23,3.042655766665085,47
23,1.0460143245313926,48
23,1.043135287966315,49
23,1.0430318288326614,50
23,1.0430200943976842,51
23,1.1944965428468202,52
23,1.2812021862659682,53
23,1.0435179019363157,54
23,1.0430946103023102,55
23,1.2037671883309646,56
23,1.0430267154003954,57
23,1.0430178174663232,58
23,1.0430176853578301,59
23,1.0430181827075378,60
23,1.0430183031594558,61
23,1.043018264303997,62
23,1.0430183497860084,63
23,1.0430183497860084,64
23,1.0430183497860084,65
23,1.0430183497860084,66
23,1.0430183497860084,67
23,1.2036981487620642,68
23,1.0430511326539726,69
23,1.0430182837317261,70
23,1.0430171957794434,71
23,1.2031076805583565,72
23,1.9989278845011553,73
23,3.2255488436647433,74
24,1.9933244818276055,0
24,2.1757153753583673,1
24,5.973321214747582,2
24,3.3389365435298752,3
24,2.15960865025045,4
24,2.018609383222301,5
24,5.5615505034465995,6
24,2.0263035783799763,7
24,3.014084216207561,8
24,5.761797844414376,9
24,7.3464155074176976,10
24,6.061150007825003,11
24,2.0898641241095026,12
24,1.0561151837351286,13
24,2.578765062789593,14
24,2.0611152711294944,15
24,3.348900595577532,16
24,3.3398421897065105,17
24,3.8958468839550964,18
24,1.5185734873344379,19
24,1.6421420893668632,20
24,2.573733941305612,21
24,1.8423663121410236,22
24,2.040817524402346,23
24,1.7174858174145713,24
24,1.2743857958193345,25
24,1.731749808098483,26
24,1.6130563412404506,27
24,1.409609618763746,28
24,2.061877094556466,29
24,2.4470109061125953,30
24,3.2851775529271148,31
24,2.5732007555570853,32
24,10.789083046322698,33
24,1.1239693604737686,34
24,1.2800496607507725,35
24,1.2549688212146621,36
24,1.473292716518256,37
24,1.4243338262984486,38
24,2.2148597487032897,39
24,1.386497228889897,40
24,1.706001196050792,41
24,1.660915443303967,42
24,1.3621197498701292,43
24,2.3767958355438066,44
24,1.840682212419891,45
24,2.012979365024908,46
24,1.6640801624264263,47
25,1.77807126478531,0
25,2.9297076904309765,1
25,2.0678466144561987,2
25,1.6947128648507195,3
25,1.3147953350561998,4
25,1.9600030627366976,5
25,2.449013998465341,6
25,1.3491752659425285,7
25,1.8877592054360248,8
25,2.5278183052071395,9
25,1.2975094741343287,10
25,1.5844162538314148,11
25,1.2594453437764168,12
25,1.2549745061773188,13
25,1.5036188854945378,14
25,1.9093598589581304,15
25,1.2751877416135602,16
25,1.2947545058828585,17
25,1.3953572091689423,18
25,1.2085489941792251,19
25,1.178019351170052,20
25,1.4644073964281052,21
25,1.0455922716362998,22
25,1.043201382838084,23
25,1.2489092038718965,24
25,2.5422113202529357,25
25,1.197546652849639,26
25,1.194239547369966,27
25,1.7036326522296406,28
25,1.2053646335904513,29
25,1.6291530291913423,30
25,1.044547624015157,31
25,1.575177032324032,32
25,1.6724133165863524,33
25,1.043540060392136,34
25,2.6449184057601296,35
25,1.9787958459105364,36
25,2.4096265545315414,37
25,1.2164589766397957,38
25,1.1925894743186456,39
25,2.8020426205567315,40
25,1.438317605188073,41
25,1.0554010876114202,42
25,1.1948351529437022,43
25,1.0435498607995966,44
25,1.043059809387298,45
25,1.5069421314220528,46
25,1.1118247330014182,47
25,1.0431687468059285,48
25,1.0430346614362491,49
25,1.0430211124129725,50
25,1.7404873922613275,51
25,2.698218173703653,52
25,1.4633782259747394,53
25,1.04383915227554,54
25,1.0430887738016301,55
25,1.194157032227591,56
25,1.1783233529636035,57
25,3.0193483412784987,58
25,2.312317249913679,59
25,1.3287604751556725,60
25,1.4644889669834018,61
25,1.0448669843458809,62
25,1.4414052804738888,63
25,1.194895547100671,64
25,1.659198216577283,65
25,1.25594368232977,66
25,1.0440272143202998,67
25,1.0431179372020214,68
25,1.1777924543243874,69
25,1.891916072121511,70
25,1.198312798169374,71
25,1.0444166802183021,72
25,1.1939371679787445,73
25,1.194726711074505,74
25,1.3286576771479468,75
25,1.045402915123515,76
25,1.0431741601662066,77
25,1.0430417760067567,78
25,4.00673289399724,79
25,3.706260979615009,80
26,3.294064134897585,0
26,1.5023384094013719,1
26,2.517956371811824,2
26,1.9052086121927612,3
26,2.6883794308853997,4
26,2.241959405922024,5
26,4.339571899056068,6
26,2.043271670564815,7
26,2.2345236957099073,8
26,2.6640537297477382,9
26,2.6473159205948753,10
26,2.328986039661073,11
26,2.5352197705867576,12
26,3.1538944105285958,13
26,2.888813464488646,14
26,1.7753405298856735,15
26,2.274276159093362,16
26,10.280717486068818,17
26,14.372540016454769,18
26,4.599013537650871,19
26,2.4435100185831757,20
26,2.0468367248010244,21
26,5.252680374904851,22
26,4.564616528239108,23
26,2.2917870280756096,24
26,2.876750868503155,25
26,4.1780658850999215,26
26,3.7209975280845313,27
26,2.2368293029908455,28
26,1.6942625088112488,29
26,2.2201975015675575,30
26,2.311814106140769,31
26,5.203040860775803,32
26,4.550191240169384,33
26,2.9322481761967776,34
26,2.9671238371670348,35
26,4.587311355988017,36
26,2.230149028814637,37
26,2.2248699668005356,38
26,2.155353799019889,39
26,2.067946082231591,40
26,2.80757994743949,41
26,3.341495677046509,42
26,3.5352680722623204,43
26,3.875325871033888,44
26,2.2243895632814166,45
26,1.8893621592575713,46
26,3.805283498229923,47
26,2.0434580154391746,48
26,1.8569873921321232,49
26,2.900127912307207,50
26,4.4534753489969985,51
26,2.9717975305039053,52
26,2.0164130819102963,53
26,2.5067141457583055,54
26,2.645835926854,55
26,2.2888950954327916,56
26,3.6422546407335457,57
26,2.1871742555494484,58
26,6.183150972906176,59
26,2.458138330778197,60
26,1.1569995221569191,61
26,1.049077904164621,62
26,2.13227505842542,63
26,3.2691414507735703,64
26,3.087371037910559,65
26,1.6255174958819447,66
26,2.9538411218267524,67
26,2.284249096396904,68
26,2.4804253061349506,69
26,2.002078782102637,70
26,3.9007082240257565,71
26,1.29938522119921,72
26,2.74020288780292,73
26,2.6200608149483124,74
26,2.9692606532150077,75
26,2.3129485738872586,76
26,3.9391797413158245,77
26,2.8361069178743343,78
26,4.184173125799633,79
26,2.5155230698961897,80
26,2.9050153518700403,81
26,3.7039761455022786,82
26,2.6467660714519683,83
26,1.4204077561357873,84
26,1.4173173289777137,85
26,1.9053196764082185,86
26,40.63921031006539,87
26,5.016475733621822,88
26,2.155841008895533,89
26,2.586501465712673,90
26,1.9143400374955726,91
26,3.1775483142653123,92
26,1.6187650198662586,93
26,1.6420085874342218,94
26,2.5484157519554524,95
26,8.469235773129137,96
26,3.448577710837037,97
26,5.93139323554003,98
26,3.151214107000389,99
26,1.926076159010759,100
26,2.1870704868784627,101
26,2.1925950514204633,102
26,3.870533537764504,103
26,5.110338477390207,104
27,1.2878638059910752,0
27,2.0020460850743107,1
27,6.623251259446219,2
27,8.864603412152873,3
27,3.413568309249187,4
27,5.6638495801749675,5
27,1.885320015791418,6
27,1.7903955293928038,7
27,4.262907884896716,8
27,3.792651997175401,9
27,3.6717354497809755,10
27,2.166889868442212,11
27,4.027125380670605,12
27,3.649371020511306,13
27,3.9891243432240007,14
27,10.668070457643514,15
27,4.744856529082805,16
27,3.6016998902499755,17
27,3.749992126239577,18
27,3.31009700679106,19
27,3.3172615062244466,20
27,3.039305420600097,21
27,2.6754182043812804,22
27,4.579773211984019,23
27,3.5402905273114817,24
27,7.64514259900241,25
27,7.503262635610729,26
27,2.1321094620288736,27
27,3.6467052060353837,28
27,7.125044797667771,29
27,5.921363350659888,30
27,4.190708413111427,31
27,5.223981618949876,32
27,2.7026949463161247,33
27,5.5046167469385034,34
27,5.732481262288022,35
27,1.8743996994314636,36
27,5.954686135703612,37
27,3.0052231068986957,38
27,5.338241225677766,39
27,3.990378065425355,40
27,1.804979600718901,41
27,4.908295664601465,42
27,3.5071630830476055,43
27,7.6644607105441915,44
27,3.4419792588390474,45
27,5.1408428510643995,46
27,9.17459976177386,47
27,2.9526230195123215,48
27,3.2949670369386173,49
27,2.9814605748582754,50
27,6.02904809121201,51
27,2.906652103044875,52
28,13.105167655545324,0
28,10.102910331890701,1
28,1.3906697093393752,2
28,1.1785244663218086,3
28,1.271728740343307,4
28,1.6269648773661987,5
28,1.0556459729000551,6
28,1.2555415609541425,7
28,1.043275188804602,8
28,1.043054482105395,9
28,1.043025405961666,10
28,5.878035405671939,11
28,1.5755267565039346,12
28,1.2048593615033207,13
28,1.0431187027279774,14
28,1.2547451271592474,15
28,1.1947044933675932,16
28,1.043666788587037,17
28,1.0430566153463046,18
28,1.043023059078561,19
28,1.6350193423712245,20
28,1.0437352811688212,21
28,3.702973083459963,22
28,1.2966393314446296,23
28,3.1298076262608414,24
28,1.068734687562914,25
28,1.04272988788167,26
28,1.4231014867662346,27
28,1.273632653991475,28
28,1.0436389317127852,29
28,1.043108953000303,30
28,1.0430355084988985,31
28,1.0430219128379044,32
28,1.0430190608411944,33
28,1.0430185207500526,34
28,1.0430184313824806,35
28,1.0430183497860084,36
28,1.0430183497860084,37
28,1.8492623016893415,38
28,3.098654467925855,39
29,2.2901960405545827,0
29,2.0811120861668395,1
29,2.310237581778301,2
29,2.8807227425616,3
29,2.1535256886615874,4
29,2.496574258558341,5
29,3.531332359233138,6
29,2.594956542525481,7
29,3.5606041783790183,8
29,3.7033368386486014,9
29,3.0367243093310767,10
29,3.354066091398801,11
29,3.3041877136582216,12
29,3.6245239125527977,13
29,3.139397581886827,14
29,12.69325738751043,15
29,7.675385076450814,16
29,15.821287664670196,17
29,2.6619929569507885,18
29,3.1113660063163304,19
29,2.670026153822154,20
29,3.6107194851595112,21
29,2.491100583288206,22
29,2.785604665423867,23
29,6.321116114492409,24
29,7.734058776241979,25
29,5.109798145718001,26
29,11.428631046734308,27
29,3.705297493841234,28
29,2.96649394879717,29
29,2.0734318468887447,30
29,2.6215490480324766,31
29,1.5197289310069824,32
29,3.5847904477633246,33
29,3.9065497468994232,34
29,7.002066904753561,35
29,11.787386845385253,36
29,11.708217068142979,37
29,58.110865335882224,38
29,23.811999137367152,39
29,3.2356400527780242,40
29,2.5650289171752187,41
29,3.918453365197894,42
29,3.719373058504738,43
29,4.060105171398503,44
29,4.387894635762344,45
29,2.661913148573437,46
29,3.3491533114107854,47
30,1.7672655247054263,0
30,6.107478027430529,1
30,4.477509909377758,2
30,1.6636436980980722,3
30,1.0564921446114863,4
30,2.1133757388395127,5
30,2.541515600716531,6
30,1.844789183725528,7
30,1.2798876163815112,8
30,1.203872324778941,9
30,1.7068396980932405,10
30,1.2058074617649996,11
30,4.013759875890994,12
30,4.720886447826889,13
30,2.2359318030682447,14
30,1.6581238625910806,15
30,1.388238548515342,16
30,1.9589729345110238,17
30,1.0452441435085782,18
30,1.2198064002883033,19
30,7.331998008201126,20
30,2.019520881235546,21
30,1.557574320723249,22
30,1.9354310318320034,23
30,1.2579481240703132,24
30,1.2007852757648354,25
30,1.743444137121226,26
30,2.6543449428306554,27
30,1.6500630250646726,28
30,1.276262821103688,29
30,1.3301430410986406,30
30,2.9487924432496198,31
30,3.6396738582579453,32
30,1.0503794073338704,33
30,1.0433684262896852,34
30,1.0430754067060761,35
30,1.6661905106463937,36
30,1.043400594358447,37
30,1.2812136984320692,38
30,1.1947448166748595,39
30,1.2813609983756662,40
30,1.3305148496504442,41
30,1.8543429074597075,42
30,1.0492329429135454,43
30,1.0433813501468945,44
30,1.7047454346070812,45
30,1.4369351384377917,46
30,1.0459304006225738,47
30,1.0432500045695277,48
30,1.3931353945296843,49
30,1.1163867190030805,50
30,1.281361265688429,51
30,1.2984746967619574,52
30,1.465220337118829,53
30,1.195902381781597,54
30,1.0434389361360819,55
30,1.3271551844169578,56
30,1.2832364227012025,57
30,1.3590338191711286,58
30,3.1115703809842232,59
31,1.8857761963475488,0
31,1.0442753853248274,1
31,1.8999911339113156,2
31,1.7422086858017973,3
31,1.687051849362813,4
31,2.446245733947525,5
31,1.5936464993538446,6
31,1.6287072321861433,7
31,2.3312633574020247,8
31,1.5914455643065906,9
31,1.2899301473051346,10
31,1.6750841763960236,11
31,1.353281770325686,12
31,1.4993170237907705,13
31,1.043441936991591,14
31,1.2552046378800479,15
31,1.6146003135244706,16
31,1.5554131911310347,17
31,1.3659177635006252,18
31,1.389739451831718,19
31,1.2993537384017357,20
31,1.9954584066337162,21
31,1.316790880163883,22
31,2.230127095927781,23
31,1.05139351968032,24
31,1.6686507115712363,25
31,1.735362049831137,26
31,1.4887969114802622,27
31,2.0905738948833115,28
31,1.0604016464314896,29
31,1.809079371554293,30
31,1.2046054137641313,31
31,1.0443140004514389,32
31,1.0431364693054415,33
31,1.0430387996158121,34
31,1.2037114756554452,35
31,1.043047437389998,36
31,1.3598822844229497,37
31,1.1229143686756269,38
31,2.093300223096572,39
32,3.8299281221635906,0
32,1.893033697394573,1
32,3.1336152092132172,2
32,4.682235550847624,3
32,1.7637283687779766,4
32,1.5281789922066915,5
32,1.9242202286540477,6
32,2.7140069965436835,7
32,2.5980614174313765,8
32,2.686575734941585,9
32,5.863883282767362,10
32,3.94039756814721,11
32,5.158744866211919,12
32,1.8912069007303662,13
32,1.0578778465980108,14
32,1.0426011955129404,15
32,1.0421711670502916,16
32,2.218354059514995,17
32,3.1867313858821875,18
32,3.7386225494007688,19
32,5.16020931834441,20
32,5.633931152301991,21
32,2.987889896702322,22
32,3.363665065353498,23
32,3.4978825767475277,24
32,2.5217259460733055,25
32,13.987042706348644,26
32,4.27683535936444,27
33,2.74121865462504,0
33,3.602866210178015,1
33,4.0672422422131875,2
33,4.704370988139393,3
33,8.483248646324823,4
33,10.331034131115299,5
33,4.304283034055671,6
33,2.7211926568865885,7
33,1.105643752488697,8
33,1.0710947725587372,9
33,1.0302509023493795,10
33,1.0088416345963698,11
33,1.0083799592814753,12
33,1.0083686560120158,13
33,1.0083680286823935,14
33,1.008368015534771,15
33,1.008368015534771,16
33,1.008368015534771,17
33,1.008368015534771,18
33,1.008368015534771,19
33,1.008368015534771,20
33,1.008368015534771,21
33,1.008368015534771,22
33,1.008368015534771,23
33,1.008368015534771,24
33,1.008368015534771,25
33,1.008368015534771,26
33,1.008368015534771,27
33,1.008368015534771,28
33,1.008368015534771,29
33,1.008368015534771,30
33,1.008368015534771,31
33,1.008368015534771,32
33,1.008368015534771,33
33,1.008368015534771,34
33,1.008368015534771,35
33,1.008368015534771,36
33,1.008368015534771,37
33,1.008368015534771,38
33,1.008368015534771,39
33,1.008368015534771,40
33,1.008368015534771,41
33,1.008368015534771,42
33,1.008368015534771,43
33,1.008368015534771,44
33,1.008368015534771,45
33,1.008368015534771,46
33,1.008368015534771,47
33,1.008368015534771,48
33,1.008368015534771,49
33,1.008368015534771,50
33,1.008368015534771,51
33,1.008368015534771,52
33,1.008368015534771,53
33,1.008368015534771,54
33,1.008368015534771,55
33,1.008368015534771,56
33,1.008368015534771,57
33,1.008368015534771,58
33,1.008368015534771,59
33,1.008368015534771,60
33,1.008368015534771,61
33,1.008368015534771,62
33,1.008368015534771,63
33,1.008368015534771,64
33,1.008368015534771,65
33,1.008368015534771,66
33,1.008368015534771,67
33,1.008368015534771,68
33,1.008368015534771,69
33,2.495590835240576,70
33,2.0928050678866006,71
33,1.0911722202785192,72
33,1.0530891798387643,73
33,1.0142931883461253,74
33,1.0084319807471853,75
33,1.0083709915974384,76
33,1.008368110385481,77
33,1.008368015534771,78
33,1.008368015534771,79
33,1.008368015534771,80
33,1.008368015534771,81
33,1.008368015534771,82
33,1.008368015534771,83
33,1.008368015534771,84
33,1.008368015534771,85
33,1.008368015534771,86
33,1.008368015534771,87
33,1.008368015534771,88
33,1.008368015534771,89
33,1.008368015534771,90
33,1.008368015534771,91
33,1.008368015534771,92
33,1.008368015534771,93
33,1.008368015534771,94
33,1.008368015534771,95
33,1.008368015534771,96
33,1.008368015534771,97
33,1.008368015534771,98
33,1.008368015534771,99
33,1.008368015534771,100
33,1.008368015534771,101
33,1.008368015534771,102
33,1.008368015534771,103
33,1.008368015534771,104
33,1.008368015534771,105
33,1.008368015534771,106
33,1.008368015534771,107
33,1.008368015534771,108
33,1.008368015534771,109
33,1.008368015534771,110
33,1.008368015534771,111
33,1.008368015534771,112
33,1.008368015534771,113
33,1.008368015534771,114
33,1.008368015534771,115
33,1.008368015534771,116
33,1.008368015534771,117
33,1.008368015534771,118
33,1.008368015534771,119
33,1.008368015534771,120
33,1.008368015534771,121
33,1.008368015534771,122
33,1.008368015534771,123
33,1.008368015534771,124
33,1.008368015534771,125
33,1.008368015534771,126
33,1.008368015534771,127
33,1.008368015534771,128
33,1.008368015534771,129
33,1.008368015534771,130
33,1.008368015534771,131
33,1.008368015534771,132
33,1.008368015534771,133
33,1.008368015534771,134
33,1.008368015534771,135
33,1.008368015534771,136
33,1.008368015534771,137
33,1.008368015534771,138
33,1.008368015534771,139
33,1.008368015534771,140
33,1.008368015534771,141
33,1.008368015534771,142
33,1.008368015534771,143
33,1.008368015534771,144
33,1.008368015534771,145
33,1.008368015534771,146
33,1.008368015534771,147
33,1.008368015534771,148
33,1.008368015534771,149
33,1.008368015534771,150
33,1.008368015534771,151
33,1.008368015534771,152
33,1.008368015534771,153
33,1.008368015534771,154
33,1.008368015534771,155
33,1.008368015534771,156
33,1.008368015534771,157
33,1.008368015534771,158
33,1.008368015534771,159
33,1.008368015534771,160
33,1.008368015534771,161
33,1.008368015534771,162
33,1.008368015534771,163
33,1.008368015534771,164
33,1.008368015534771,165
33,1.008368015534771,166
33,1.008368015534771,167
33,1.008368015534771,168
33,1.008368015534771,169
33,1.008368015534771,170
33,1.008368015534771,171
33,1.008368015534771,172
33,1.008368015534771,173
33,1.008368015534771,174
33,1.008368015534771,175
33,1.008368015534771,176
33,1.008368015534771,177
33,1.008368015534771,178
33,1.008368015534771,179
33,1.008368015534771,180
33,1.008368015534771,181
33,1.008368015534771,182
33,1.008368015534771,183
33,1.008368015534771,184
33,1.008368015534771,185
33,1.008368015534771,186
33,1.008368015534771,187
33,1.008368015534771,188
33,1.008368015534771,189
33,1.008368015534771,190
33,1.008368015534771,191
33,1.008368015534771,192
33,1.008368015534771,193
33,1.008368015534771,194
33,1.008368015534771,195
33,1.008368015534771,196
33,1.008368015534771,197
33,1.008368015534771,198
33,1.008368015534771,199
33,1.008368015534771,200
33,1.008368015534771,201
33,1.008368015534771,202
33,1.008368015534771,203
33,1.008368015534771,204
33,1.008368015534771,205
33,1.008368015534771,206
33,1.008368015534771,207
33,1.008368015534771,208
33,1.008368015534771,209
33,1.008368015534771,210
33,1.008368015534771,211
33,1.008368015534771,212
33,1.008368015534771,213
33,1.008368015534771,214
33,1.008368015534771,215
33,1.008368015534771,216
33,1.008368015534771,217
33,1.2985828222504758,218
33,1.00843900110825,219
33,1.008371216046825,220
33,1.0083681310460328,221
33,1.008368015534771,222
33,1.008368015534771,223
33,1.008368015534771,224
33,1.008368015534771,225
33,1.008368015534771,226
33,1.008368015534771,227
33,1.008368015534771,228
33,1.008368015534771,229
33,1.008368015534771,230
33,1.008368015534771,231
33,1.008368015534771,232
33,1.008368015534771,233
33,1.008368015534771,234
33,1.008368015534771,235
33,1.008368015534771,236
33,1.008368015534771,237
33,1.008368015534771,238
33,1.008368015534771,239
33,1.008368015534771,240
33,1.008368015534771,241
33,1.008368015534771,242
33,1.008368015534771,243
33,1.008368015534771,244
33,1.008368015534771,245
33,1.008368015534771,246
33,1.008368015534771,247
33,1.008368015534771,248
33,1.008368015534771,249
33,1.008368015534771,250
33,1.863361036609114,251
33,1.2977299049916509,252
33,1.0084468170111993,253
33,4.173764327649209,254
33,1.6639799866657528,255
33,2.2300791101821025,256
33,1.1044599307520364,257
33,2.938724812367749,258
33,1.1059618636098087,259
33,1.0681778899916499,260
33,1.026974889638867,261
33,3.6092705137687853,262
33,2.482467292461816,263
33,5.0384137384190435,264
33,3.573325332052465,265
34,1.6381295439589643,0
34,2.5536211170640275,1
34,1.0503039171509307,2
34,7.176378841060677,3
34,6.387524251064396,4
34,5.862759351282079,5
34,8.429676963936375,6
34,2.1072034426323603,7
34,4.754652609036765,8
34,29.402078486114313,9
34,1.0995235531438792,10
34,1.0437287412084562,11
34,3.9898106074471844,12
34,1.3209995816257487,13
34,1.043330561281393,14
34,1.0430739689763506,15
34,3.5702502747934988,16
35,2.7598808317848107,0
35,3.0132618750564846,1
35,2.4175236140005656,2
35,3.6616196040789895,3
35,2.210537940758995,4
35,2.2129140289799003,5
35,3.4571730470870814,6
35,2.343145349119212,7
35,2.1527996777916307,8
35,3.2725048357294004,9
35,2.051311603020014,10
35,2.2978056410822374,11
35,8.733906281383986,12
35,3.0816734705978135,13
35,4.867759325331854,14
35,2.257702188191699,15
35,3.0284980309232568,16
35,3.7761346235760516,17
35,5.120065068368648,18
35,3.596919180393621,19
35,3.7290531743324142,20
35,5.342367119940841,21
35,2.3306223112254876,22
35,3.4102258038218136,23
35,1.9798785271436956,24
35,5.691346791945947,25
35,1.9282356667247194,26
35,3.049659457382527,27
35,2.5512562965586105,28
35,1.8562595590731308,29
35,4.473137875736101,30
35,6.296465662847107,31
35,1.9637631819655685,32
35,2.797420128871432,33
35,3.1861015938448203,34
35,3.6679516903985,35
35,2.4907102568874486,36
35,3.3829922861875903,37
35,5.198304301888454,38
35,3.1998130134503886,39
35,2.4247663134343855,40
35,1.982016368786298,41
35,2.34552780251181,42
35,2.8074320185287345,43
35,3.6136036653412074,44
35,2.5460889869041323,45
35,5.424827150469566,46
36,8.128549155780853,0
36,15.012243768516377,1
36,7.669216949957577,2
36,3.876174149674468,3
36,2.3122756271841136,4
36,2.3232492284666804,5
36,5.904497084133842,6
36,2.2278010425835912,7
36,2.657973940469514,8
36,7.007533058178761,9
36,12.531508645351618,10
36,8.532838650823244,11
36,7.203770767430347,12
36,6.399471173304374,13
36,9.9687662970053,14
36,2.239985340108058,15
36,3.406714375476426,16
36,6.925207585556764,17
36,5.271812640883991,18
36,6.3738897923026965,19
36,3.598785741992389,20
36,6.794781298610562,21
36,16.536016167505416,22
36,4.646545824968961,23
36,2.6640719906575887,24
36,2.8425033504805963,25
36,1.9842338656178533,26
36,2.2793190556324077,27
36,5.254988311959988,28
36,1.116531839538564,29
36,2.6383019513442254,30
36,2.3788314852915766,31
36,8.565773678462477,32
36,3.76864615538946,33
36,5.033237803868708,34
36,4.399338259244577,35
36,2.863328920563653,36
36,2.3429735707303294,37
36,6.909384229251796,38
36,20.27799899046173,39
36,3.3494938891357875,40
36,8.437204983104342,41
36,3.6008833475494697,42
36,1.1050003045261858,43
36,1.0685650160252325,44
36,1.0274012216014823,45
36,1.0087063399464884,46
36,1.008377741065894,47
36,1.0083685320486462,48
36,5.131350824900328,49
36,9.91029951710809,50
36,6.707364554693559,51
36,3.0431846479349067,52
36,3.2614851842967,53
36,3.4036544782345457,54
36,5.122658531367625,55
36,3.424918075416666,56
36,4.951794528843945,57
36,2.1902086657412347,58
36,2.69180128649028,59
36,2.944356042638433,60
36,3.949274212621182,61
36,7.221364950268334,62
36,1.2647030332911886,63
37,1.0445937129155567,0
37,1.0431519356450512,1
37,1.0430393746880742,2
37,1.0430223324784054,3
37,1.431464065030868,4
37,1.4280021408834687,5
37,1.0447938052787877,6
37,1.0429600449103242,7
37,1.2751328656592251,8
37,1.346742271317563,9
37,1.043031999798915,10
37,1.042998168454606,11
37,1.9354260713291571,12
37,1.476299803652634,13
37,1.0439423764801214,14
37,1.0430277489644704,15
37,1.0430143865364758,16
37,2.07321558237279,17
37,1.9628822316881795,18
37,1.0461986939867634,19
37,1.0431239875925422,20
37,1.0430269679629507,21
37,1.253408282434649,22
37,1.2802131754617514,23
37,9.284044054256789,24
37,1.2691353954678966,25
37,1.0571665677766942,26
37,1.2033312597676509,27
37,2.3512806650449987,28
38,4.369956357405539,0
38,2.4187226428438002,1
38,2.36036161866795,2
38,2.091757631250629,3
38,4.079433196952428,4
38,2.947471362608151,5
38,2.2025958837624335,6
38,3.016469160143794,7
38,1.390368559777036,8
38,2.5504674963540137,9
38,2.7700651243980423,10
38,2.622383746853215,11
38,1.4241640425950308,12
38,1.0783158913809499,13
38,3.6264800203482856,14
38,2.4024428239221693,15
38,3.539528413206425,16
38,2.753451380329226,17
38,1.1916417699276018,18
38,1.0646461361818764,19
38,3.935445948851641,20
38,3.567886385228432,21
38,3.011257438470151,22
38,3.470947327559176,23
38,1.7218543789309089,24
38,1.4110226906689676,25
38,2.4240306363982738,26
38,2.6049014368125913,27
38,3.5932266553004153,28
38,3.589739898318924,29
38,3.543890631366848,30
39,2.1668187042686284,0
39,4.3451480202740145,1
39,2.378294447652035,2
39,3.6926637659327954,3
39,2.6184083002002,4
39,1.888925264508798,5
39,3.2244381699809663,6
39,2.20688348541328,7
39,1.823761391911353,8
39,1.656550612841787,9
39,2.8376774438723897,10
39,2.0594783037844935,11
39,2.0214292100782694,12
39,2.570325666760189,13
39,2.107385192386047,14
39,3.0625803361273265,15
39,3.1679951431338145,16
39,3.262689907070927,17
39,3.3172243342842984,18
40,3.1376148091527174,0
40,11.829264749833238,1
40,3.43954161502241,2
40,4.29460640093599,3
40,3.333456956393674,4
40,2.914312204446464,5
40,3.698877125565263,6
40,3.3878601980385934,7
40,3.235494640226928,8
40,4.514768992338423,9
40,2.797586539575492,10
40,4.150889620322949,11
40,3.089290612219368,12
40,8.055260908891492,13
40,4.270580141050569,14
40,4.898919980113311,15
40,4.840494813289096,16
40,3.6026338608098567,17
40,2.7039488641705187,18
40,2.817202661538351,19
40,4.160828671766104,20
40,3.707246812770362,21
40,3.8072681719833694,22
40,4.599638579576629,23
40,2.866670494512615,24
40,2.5320010384145926,25
40,2.4948662362760765,26
40,3.006541757999571,27
40,3.2585211594574104,28
40,2.265908178308507,29
40,2.28438171215408,30
40,2.2125533120066314,31
40,2.048540811398598,32
40,2.348022538898822,33
40,2.416694773920269,34
40,3.568738413324368,35
40,2.9035906570191625,36
40,4.7062175195883444,37
40,6.689311186454031,38
40,3.319509205112035,39
40,6.972705061469246,40
40,3.363147038928759,41
40,3.9464824725193406,42
40,3.720508737817229,43
40,2.8319207335956436,44
40,6.4823303438521975,45
40,3.601514842531144,46
40,1.5947382461937931,47
40,2.3780886248201387,48
40,3.396465342663595,49
40,3.334258566276054,50
40,4.842992274590198,51
40,4.217530946961682,52
40,7.7116247709810155,53
40,2.51395671758601,54
40,2.6008684684817513,55
40,4.1455741569624065,56
40,1.107782600705826,57
40,2.0058900888231768,58
40,2.8432821408935864,59
40,4.3652563667961255,60
40,2.6454503683987416,61
40,4.500371939475458,62
40,5.067147007704896,63
40,3.912603371026137,64
40,3.05089686130388,65
40,3.660591793044848,66
40,2.2667724483488376,67
40,3.9188579085713036,68
40,6.44129846926242,69
40,3.245560863879504,70
40,2.442164924618094,71
40,3.1663440906086606,72
40,2.9381604957253313,73
40,4.0629346660470835,74
40,4.446938985317915,75
40,4.5214950692251,76
40,3.908399001623959,77
40,2.543475071409888,78
40,2.638388443039768,79
40,5.808339608240674,80
40,2.7400261717184295,81
40,3.6756138119012487,82
40,3.1743517715315748,83
40,3.3371872521376615,84
40,3.2626809613954366,85
40,3.0960425158673934,86
40,2.4166188627474523,87
40,4.454650907052423,88
40,4.381285299667092,89
40,3.5871193540149173,90
40,6.3741261028409255,91
40,3.014489900927122,92
40,4.731538806873436,93
40,4.206381225549777,94
40,2.9162851360603117,95
40,3.7904426815332375,96
40,5.151310931799043,97
40,2.597288953072348,98
40,2.512772783299448,99
40,4.710954390535652,100
40,2.789179033187174,101
40,5.567740290935466,102
40,7.146159121117052,103
41,4.225031378401163,0
41,5.409160475463347,1
41,2.8126178591033866,2
41,3.4922528769314907,3
41,2.7280963395746216,4
41,4.172102836495969,5
41,2.465183248151596,6
41,3.3201768456985286,7
41,4.428737680189754,8
41,2.3327295063479028,9
41,3.5724470824880203,10
41,2.3092122131620876,11
41,2.0257215163494746,12
41,3.11845833877394,13
41,2.071157256138121,14
41,4.844810626990193,15
41,2.5015541483567016,16
41,3.313763633452051,17
41,2.132500025782699,18
41,3.9529278209914187,19
41,2.9424286604542464,20
41,2.5048692903363317,21
41,5.13026271764679,22
41,3.51912691736082,23
41,5.761586982305824,24
41,3.0353406766687985,25
41,3.258836981353268,26
41,4.534163211615849,27
41,2.4326625305522525,28
41,2.6254164336223282,29
41,2.046505396969921,30
41,2.171644556661717,31
41,2.760083834368641,32
41,2.9559486389881258,33
41,2.487324157550348,34
41,2.049749983340195,35
41,1.7297304483807034,36
41,1.8547334420601571,37
41,2.5270266598568547,38
41,1.8431117677454298,39
41,2.6637901514271296,40
41,1.7947852175330052,41
41,2.3218535283521646,42
41,2.3987824990746884,43
41,1.8564485447020864,44
41,2.6846069883582584,45
41,1.199709077119761,46
41,1.6421756623085477,47
41,1.6297727746039106,48
41,2.6142409801527213,49
41,2.309041133261019,50
41,1.4372910071486917,51
41,2.6872603881433403,52
41,1.429412563423077,53
41,1.5846847654300078,54
41,2.526947283032128,55
41,2.525843947390598,56
41,2.3630725537034083,57
41,3.630963251207253,58
41,3.7260946160482127,59
41,2.8812612580630206,60
41,5.754816712640226,61
41,3.220582809065869,62
41,3.354269214153743,63
41,2.7065215212935545,64
41,2.4366830184502004,65
41,6.210878118926855,66
41,3.2647033077934084,67
41,2.9620743484321372,68
41,10.311195606665356,69
42,3.275835753908685,0
42,1.9160056466870867,1
42,2.7867169897198174,2
42,1.9537386425849916,3
42,2.1834627666654858,4
42,2.4043784777850616,5
42,2.7543627169773677,6
42,4.23586543733853,7
42,3.1828850637982242,8
42,3.0654099794722565,9
42,6.520961375507053,10
42,3.3964151366473274,11
42,3.459161720177886,12
42,2.494612557393517,13
42,1.9421859701166442,14
42,3.2088041316066143,15
42,2.2083842149199846,16
42,4.243019608103179,17
42,2.75712187291858,18
42,3.093425390194765,19
42,3.1503674966420823,20
42,4.388816918840408,21
42,2.242054419714228,22
42,1.8622957838710663,23
42,4.876305089243843,24
42,2.0399218261877423,25
42,2.2563138576092054,26
42,1.8446768100681674,27
42,1.9274717514666473,28
42,1.3547126210131069,29
42,1.9988369786384053,30
42,2.452421908373633,31
42,1.5874012905250405,32
42,2.96345885046853,33
42,2.960289578473405,34
42,4.212063363280326,35
42,2.5302454026919152,36
42,3.446655109477103,37
42,1.7083510383518101,38
42,3.3011915709782507,39
42,2.2606355549543475,40
42,2.6017738102249446,41
42,19.938393030103647,42
