0,1.4332501980618781,0
0,2.4026033528431223,1
0,2.1210341415273057,2
0,1.2811681085696445,3
0,3.2065625869919385,4
0,2.295226491408531,5
0,2.1731814247995294,6
0,1.8875941469613517,7
0,2.082716096046099,8
0,1.539996616088608,9
0,1.5963799094096236,10
0,2.2903243600914918,11
0,1.6387088476150748,12
0,2.8298982717130756,13
0,2.1947342945982813,14
0,1.4193697874366855,15
0,1.8207924781938012,16
0,3.4908173223807153,17
0,1.4549167035981103,18
0,2.570527903135663,19
0,4.572892845028792,20
0,4.154124558999129,21
0,1.8548071808614923,22
0,5.519591910921635,23
0,1.9416311958456969,24
0,2.3531191342948525,25
0,1.8803327309457247,26
0,1.6770051541876219,27
0,1.53356964427225,28
0,1.7606825463282572,29
0,1.7321310427422554,30
0,1.3265759486692013,31
0,1.0068636229147248,32
0,1.0068636229147248,33
0,1.0068636229147248,34
0,1.0068636229147248,35
0,1.0068636229147248,36
0,1.0068636229147248,37
0,1.0068636229147248,38
0,1.0068636229147248,39
0,1.246022158973688,40
0,3.726861358394887,41
0,1.0068636229147248,42
0,1.0068636229147248,43
0,1.0068636229147248,44
0,1.0068636229147248,45
0,1.0068636229147248,46
0,1.46263766242112,47
0,2.8354848999601003,48
0,1.8769128023536783,49
0,1.3116236989656964,50
0,1.5570273185486474,51
0,1.3699749897891347,52
0,2.108134337616483,53
0,1.6719629070528739,54
0,1.3656764706279312,55
0,2.0002156650411225,56
0,2.6211404691282167,57
0,2.027436784378284,58
0,2.411400400564807,59
0,3.3929761726134933,60
0,2.4254417837356423,61
0,1.3222319682441706,62
0,1.403095536416189,63
0,1.6936304549082999,64
0,1.421527313658823,65
0,1.4700513004270315,66
0,2.542511362610988,67
0,1.96938325954401,68
0,1.5092338972651047,69
0,2.4587877775155236,70
0,2.7891650683879927,71
1,2.469659315343908,0
1,2.076984900385269,1
1,3.232863301361403,2
1,1.98172778017485,3
1,3.070727871428525,4
1,2.4876776251408583,5
1,2.4237999072542853,6
1,3.709624318762963,7
1,2.730369884826128,8
1,2.1790718167387673,9
1,2.6912741195953718,10
1,6.746495370648514,11
1,2.7970416564170857,12
1,1.9596800674366908,13
1,4.216099304266924,14
1,4.630689531243047,15
1,2.0094111197402715,16
1,2.837096680822186,17
1,4.457149068498708,18
1,2.41140844949544,19
1,3.9205587554942647,20
1,2.0468899179176927,21
1,2.6789663115966458,22
1,4.545974213349873,23
1,4.764513215450388,24
1,3.367932594788754,25
1,4.05119914808538,26
1,5.638287599924199,27
1,5.500364236381102,28
1,5.366017518148737,29
1,4.240977649516918,30
1,3.4167723436369783,31
1,3.877981750123481,32
1,2.8038937552380223,33
1,2.9926498121656655,34
1,2.7153616513736964,35
1,2.874365370479417,36
1,1.9851732664531079,37
1,2.632614827895854,38
1,3.5045138343364823,39
1,2.8385831572815947,40
1,2.1149810419613977,41
1,6.103163564271488,42
1,4.79375099777829,43
2,3.2037699235753365,0
2,4.332017372921647,1
2,2.812252081307098,2
2,2.345831337397411,3
2,2.2388771849789673,4
2,4.669481557188343,5
2,2.4916458657977714,6
2,3.041100851486631,7
2,2.8908735516266244,8
2,4.048512475068252,9
2,2.1624809462775363,10
2,3.5999833044618303,11
2,2.832171912630713,12
2,2.6159334311462503,13
2,2.698135831876182,14
2,2.573320697381029,15
2,2.8349708240173133,16
2,1.7854893843423467,17
2,3.006271530733221,18
2,4.125687827085955,19
2,3.3067489900001226,20
2,3.1278278265208184,21
2,3.210762462524545,22
2,2.424822390688714,23
2,3.6887806054601673,24
2,4.986935221554006,25
2,2.0664505032402514,26
2,2.475858152646281,27
2,2.8681540027277355,28
2,4.837572451958372,29
2,2.9791942265472153,30
2,3.6539052003980808,31
2,4.354907904385225,32
2,2.374734750935114,33
2,5.416666249740215,34
2,5.790879139935214,35
2,5.850595831384614,36
2,4.76724425002029,37
2,2.094544928370252,38
2,4.234916229229957,39
2,1.7519693023767349,40
2,2.553543035718166,41
2,2.739808967006674,42
2,2.2159466384065873,43
2,2.4594887042359193,44
2,1.8447946816339194,45
2,4.192807138226492,46
2,2.798917180661555,47
3,1.0682336490164148,0
3,1.0682336490164148,1
3,1.0682336490164148,2
3,1.0682336490164148,3
3,1.0682336490164148,4
3,1.0682336490164148,5
3,1.0682336490164148,6
3,1.0682336490164148,7
3,1.3320994710321843,8
3,1.5218061471259743,9
3,1.237914741055102,10
3,1.627885815370818,11
3,1.2474392312955371,12
3,1.529652936685546,13
3,1.0682336490164148,14
3,2.0194393904773777,15
3,1.0682336490164148,16
3,1.85188419788411,17
3,1.0682336490164148,18
3,1.0682336490164148,19
3,1.317601467061333,20
3,1.2477585074922857,21
3,1.5673709787018575,22
3,1.40402201379423,23
3,1.274875257662564,24
3,1.4412412791200193,25
3,1.5709740321445467,26
3,2.035591665664548,27
3,1.7801531075924735,28
3,2.1285783207649147,29
3,1.2911344721252194,30
3,1.4072888183498318,31
3,1.2135331253404882,32
3,1.551091371611432,33
3,1.2487591402565834,34
3,1.0682336490164148,35
3,1.0682336490164148,36
3,1.0682336490164148,37
3,1.378221619137824,38
3,1.0682336490164148,39
3,1.2333545125890861,40
3,1.2483513203536125,41
3,1.0682336490164148,42
3,1.0682336490164148,43
3,1.0682336490164148,44
3,1.398093554312633,45
3,1.7823238609249545,46
3,2.220639276684386,47
3,1.0682336490164148,48
3,1.5179230570550934,49
3,1.0682336490164148,50
3,1.3848434404036374,51
3,1.354296635128364,52
3,1.5658221906231267,53
3,1.2339487563236298,54
3,1.4426231594876344,55
3,1.0682336490164148,56
3,1.2135331253404882,57
3,1.2626753911381614,58
3,1.368457625311453,59
3,1.0682336490164148,60
3,1.3365124738993746,61
3,1.8104972382768227,62
3,2.4402794297064747,63
3,1.7175600373639457,64
4,3.064225134118546,0
4,3.4737115781787837,1
4,2.0138779976535632,2
4,2.949021293896888,3
4,2.760434929181557,4
4,2.6789024408239004,5
4,2.1560547118894564,6
4,2.434480469248988,7
4,2.399969085725526,8
4,2.184515368912503,9
4,2.639404382258693,10
4,1.8646985165275713,11
4,1.817453000087995,12
4,2.1019599344677813,13
4,2.242606675212117,14
4,2.978499283706479,15
4,1.0068636229147248,16
4,2.003070089620536,17
4,2.8850302471277733,18
4,1.4110176865192194,19
4,2.264840116171575,20
4,1.9351358463667239,21
4,1.7903285130684503,22
4,2.9068468425300313,23
4,1.7705732560325147,24
4,1.7549395903821876,25
4,1.6043991460407687,26
4,1.7936493686988628,27
4,1.4660499823198074,28
4,2.457076901724024,29
4,1.2414819196249798,30
4,2.9042830095094705,31
4,2.680018322589767,32
4,2.555980816847918,33
4,4.4466972587927085,34
4,2.4904344373822194,35
4,2.39064925609479,36
4,2.190221981535882,37
4,3.7603588400744985,38
4,2.9547342465871522,39
5,4.08394861688303,0
5,2.8146323329713905,1
5,2.195762882943369,2
5,2.903479203694909,3
5,3.093653664178537,4
5,2.776068700739734,5
5,3.573990764726808,6
5,2.38760610211742,7
5,3.2948083533252484,8
5,2.9374019391112216,9
5,3.640549539345052,10
5,3.1300594803404858,11
5,2.754320689058316,12
5,4.581196728760777,13
5,4.055053880705445,14
5,4.150302305073565,15
5,3.1531666097968682,16
5,3.1662123606362287,17
5,3.1159782712978568,18
5,3.5394030978586004,19
5,2.167705000502878,20
5,2.8108102203039764,21
5,2.6200159951747435,22
5,2.614656743384744,23
5,2.4520562039500176,24
5,2.770843226079985,25
5,2.5900594757601314,26
5,3.3239909453063636,27
5,2.6783707757445274,28
5,2.794322829415017,29
5,2.6801443616285763,30
5,2.747161676787392,31
5,2.904893108841976,32
5,2.463236816178115,33
5,2.857291269019691,34
5,2.3615362378835467,35
5,3.2044051180592925,36
5,2.4352114796312305,37
5,3.0917306416997192,38
5,2.641368160896222,39
5,2.785187284764985,40
5,2.4367123566272184,41
5,2.5694335653094185,42
5,2.750139165297237,43
5,2.659499877609168,44
5,3.0144859480225197,45
5,3.3694786816340874,46
5,3.0934725924803983,47
5,3.4515023001145217,48
6,2.6573974849794797,0
6,2.9239929322709144,1
6,2.00086922836491,2
6,3.490079171883358,3
6,3.341872127022963,4
6,2.6991030244335046,5
6,2.168128576810807,6
6,2.3315222433091143,7
6,2.2457371318112105,8
6,1.9006008473005738,9
6,2.180816711121562,10
6,1.9374810377699374,11
6,3.7606264666119524,12
6,2.0549466597414416,13
6,2.1827322575441515,14
6,3.1976623729734333,15
6,2.0811950732217017,16
6,2.818771119672594,17
6,2.4991712562117243,18
6,2.2635619394249207,19
6,2.088512277276549,20
6,1.9624126623141736,21
6,2.934474963475391,22
6,3.0200650556616755,23
6,2.3443052525725467,24
6,2.677463357113392,25
6,2.9048813349975497,26
6,2.476288659478123,27
6,2.8288685290637545,28
7,2.463918597423566,0
7,2.3068729720814796,1
7,3.143824279982596,2
7,3.454792184523609,3
7,2.5948440988081902,4
7,3.756183734201997,5
7,3.1103439635338646,6
7,1.86555586143081,7
7,3.422918485594439,8
7,3.2835480194412625,9
7,3.9312306239955306,10
7,3.1391734169224677,11
7,3.2756526098136343,12
7,2.56578046999416,13
7,2.0122950987759562,14
7,5.237487751353863,15
7,2.897652561271085,16
7,3.475986552809382,17
7,3.1765976853683555,18
7,4.515507466425769,19
7,4.3740012388724105,20
7,3.2354603130184785,21
7,3.0159143620325652,22
7,2.4053534844953313,23
7,4.043522845395435,24
7,2.824513557676565,25
7,4.217257449565803,26
7,2.1862687921990744,27
7,2.392053517277612,28
7,2.6542995365795363,29
7,4.10236010220182,30
7,3.4990119411301444,31
8,2.8761782233425004,0
8,3.0814104491237,1
8,3.909078834328855,2
8,3.721650975069834,3
8,4.0956750065659895,4
8,2.475563615166496,5
8,3.7721708809990444,6
8,4.67109054005499,7
8,4.172003864340316,8
8,4.3098420683756,9
8,1.0068636229147248,10
8,3.2381964461973176,11
8,2.5772014209633753,12
8,2.2760603876231995,13
8,4.411652051671112,14
8,4.74126613148536,15
8,3.0627435348230856,16
8,2.7634244978143996,17
8,2.69799383029229,18
8,3.080633638288348,19
8,2.5512955300754,20
8,4.392171310345134,21
8,3.015736042900239,22
8,3.03371680782204,23
8,2.076603637705531,24
8,4.719566365749129,25
8,3.65125304899572,26
8,2.9619708899528123,27
8,2.8531744911583385,28
8,3.405897376113809,29
8,3.612629814030123,30
8,2.4940890730926513,31
8,3.0821481415746423,32
8,3.2864866200199803,33
8,3.501233364801256,34
8,1.9672853101375434,35
8,3.32612306079043,36
8,3.5168014885417507,37
8,3.653094241481839,38
8,1.939768832755633,39
9,2.530316286442644,0
9,1.5584053555463624,1
9,1.7525150106273601,2
9,1.7949133811961377,3
9,3.0859293809275816,4
9,1.2122241125089717,5
9,1.2122241125089717,6
9,1.930995083077536,7
9,2.06708270861562,8
9,1.5336234387495093,9
9,1.3516135018668372,10
9,2.1861816153598936,11
9,1.389062606854086,12
9,2.40742995121888,13
9,2.558387376835291,14
9,2.5546269512426876,15
9,1.5718036907846635,16
9,1.350350148500539,17
9,1.383281079858829,18
9,2.197008929992955,19
9,1.8851695532376114,20
9,1.7425033153733478,21
9,2.6788700269892405,22
9,1.5772624875638876,23
9,2.2479598451220424,24
9,2.7078135288567786,25
9,2.6762641529280105,26
9,1.8069817944997382,27
9,2.7885207686958275,28
9,2.5021021664809093,29
9,2.8809737854139597,30
9,3.2486641318965783,31
9,2.1420250181456675,32
9,2.599660028417544,33
9,1.828104958726167,34
9,3.9043778742589543,35
9,2.3357972480874363,36
9,2.281946976294951,37
9,1.2122241125089717,38
9,3.0217551013317814,39
9,2.163021079199248,40
9,3.331219271679951,41
9,1.7527769064871934,42
9,2.1124058894989415,43
9,2.616975196036438,44
9,2.775438344614144,45
9,1.8702492140139204,46
9,2.461246736496863,47
9,2.889661091757731,48
9,3.5338464304350614,49
9,1.9070251770341071,50
9,2.0314031551770277,51
9,2.941090796869321,52
9,1.5036789786952713,53
9,1.9841335755700464,54
9,2.351831368066693,55
9,1.8518314365656305,56
9,1.8989865474477152,57
9,2.0552542410005286,58
9,2.714268263506516,59
9,1.7798310007624882,60
9,2.985141063475894,61
9,1.8714337936623728,62
9,3.6857019735237007,63
9,2.542111768567217,64
9,1.8026429660150538,65
9,2.955505382541696,66
9,5.36779420117364,67
9,3.0088213779906194,68
9,3.0225296763387943,69
9,1.385991471464272,70
9,2.6071279452099736,71
9,5.95139048650762,72
9,3.346569562847473,73
9,4.511766283693715,74
9,1.7616069333196889,75
9,2.50491378268106,76
9,3.039029350297835,77
9,3.010346869636012,78
9,1.8758024585390984,79
10,1.0682336490164148,0
10,1.0682336490164148,1
10,1.0682336490164148,2
10,1.0682336490164148,3
10,1.2353660881391195,4
10,1.7169119239880095,5
10,1.3770041016809258,6
10,1.0682336490164148,7
10,2.181426174411369,8
10,3.97504471236631,9
10,1.5955652861107288,10
10,1.2631934081291352,11
10,1.8479188211188398,12
10,1.2483513203536125,13
10,1.2633103611437717,14
10,1.7115769641879102,15
10,1.6616699814973643,16
10,1.604798688607455,17
10,1.4997544460564598,18
10,2.355655221388435,19
10,1.899164487977995,20
10,1.5358173641588284,21
10,1.2784737653155223,22
10,1.8330400292262727,23
10,1.3374995759534642,24
10,1.7112351362198392,25
10,1.9623821336662224,26
10,1.703500243452948,27
10,1.0682336490164148,28
10,1.2135331253404882,29
10,1.7878286130892096,30
10,1.0682336490164148,31
10,1.87358452281269,32
10,1.1906276642805305,33
10,1.0682336490164148,34
10,1.5332557360609005,35
10,1.448508519792308,36
10,1.2374503486595774,37
10,1.0682336490164148,38
10,1.0682336490164148,39
10,1.4346958620967505,40
10,1.8638224576266402,41
10,1.5409238001167456,42
10,1.4288145871466715,43
10,1.9247258594529473,44
10,1.5649370165928398,45
10,1.719781464926778,46
10,1.4324461156060904,47
10,1.440864636345456,48
10,1.238931294792845,49
10,1.0682336490164148,50
10,1.2929290999040244,51
10,1.3386545567222088,52
10,3.383880434355026,53
10,3.253909687236528,54
10,1.4242066988467434,55
10,3.607244134683284,56
11,2.5726850080765393,0
11,5.277614530464238,1
11,2.934754480310725,2
11,4.3804627702814285,3
11,4.176564491167026,4
11,5.06333808631044,5
11,2.8600471560669076,6
11,6.797646876412195,7
11,3.098975483070597,8
11,3.303394908477998,9
11,12.24772954040258,10
11,2.779991373049564,11
11,3.753763858623014,12
11,5.523219266628963,13
11,1.796414582679372,14
11,5.27360716825161,15
11,2.85903200447315,16
11,3.4581499264059246,17
11,3.8489132560117234,18
11,2.0843271812745154,19
11,3.6034559552412624,20
11,4.521705824784838,21
11,4.311220228428082,22
11,4.724754848741569,23
11,1.0068636229147248,24
11,1.7265488262307782,25
11,8.933281633786178,26
11,5.108193325984706,27
11,3.6767269253838446,28
11,2.9557837313688515,29
11,5.344188849468342,30
11,2.4122737224549575,31
11,3.743003906327005,32
11,2.827025507456163,33
11,3.2659041580301222,34
11,3.2990105464741095,35
11,3.623457271614604,36
11,3.383606946999194,37
11,3.976867604450119,38
11,3.298865825293645,39
11,4.802882465739084,40
11,1.384076167279977,41
11,5.1082195106479995,42
11,5.381063997420413,43
11,4.4983525223665595,44
11,2.6235875812235046,45
11,4.620764904114568,46
11,5.638475129059015,47
11,4.78307888523127,48
11,3.207013293828582,49
11,5.89140062662999,50
11,4.496649193273758,51
11,6.062324257809032,52
11,5.406509616433616,53
11,9.926381951894879,54
11,5.775183094578415,55
11,3.433961601434803,56
11,4.936385163620131,57
11,2.8741344329469074,58
11,2.989709839803169,59
11,2.2586906832053506,60
11,3.4427224211547762,61
11,2.683175715413079,62
11,5.265488583704801,63
11,9.462130086333552,64
11,2.3823903648751794,65
11,7.56908305896774,66
11,5.59784638364739,67
11,3.9813577745381528,68
11,3.1144746187692074,69
11,7.428472934290101,70
11,3.8947867547603954,71
11,3.4795117262829334,72
11,3.252247976200464,73
11,2.739555855421631,74
11,1.3446304448470436,75
11,4.035039913077704,76
11,4.0672490301616655,77
11,5.90604087480784,78
11,3.53677755959461,79
11,3.745879436100299,80
11,4.665539944444751,81
11,3.181184915158121,82
11,10.634655969274974,83
11,6.329794509497438,84
11,6.337686193742395,85
11,3.5457563038655824,86
11,2.940456970713502,87
11,4.136109853801823,88
11,5.262645264926025,89
11,6.765103870096166,90
11,4.083902366906666,91
11,6.068030374467291,92
11,7.40190820880466,93
11,2.3251726311759278,94
11,4.790257224336383,95
11,3.148087963501174,96
11,8.177855392383387,97
11,2.6963188401775025,98
11,2.921871625501924,99
11,14.147204734734544,100
11,5.021980448326391,101
11,6.848863705069303,102
11,6.021323226385342,103
11,4.9260719576229635,104
11,3.1022488531947743,105
11,3.598585400510067,106
11,8.737188643043623,107
11,2.7816303015084385,108
11,5.321981383459812,109
11,5.271328757331981,110
11,2.700381994261573,111
11,7.622283177694421,112
11,7.041612428225783,113
11,4.708434089558535,114
11,3.449409060280453,115
11,4.569966426687843,116
11,2.50393214870725,117
11,2.6886622691880087,118
11,5.806813049158279,119
11,6.568579736497338,120
11,3.3120851751885123,121
11,5.694441416999013,122
11,4.007386358500118,123
11,1.9209314833081899,124
11,3.363985864748344,125
11,4.841890277649083,126
11,7.1738812419942155,127
11,2.8044446536509726,128
11,3.717798049364293,129
11,2.1510633530436047,130
12,1.5486429054874782,0
12,2.1729836388841646,1
12,1.781744869199599,2
12,2.306699728153537,3
12,1.867278523174634,4
12,1.3207600832227224,5
12,1.6584615066788209,6
12,2.9956801669744206,7
12,1.9042260100755646,8
12,1.7365395467011087,9
12,2.2217537662352966,10
12,1.5456879110659159,11
12,2.0461044839508733,12
12,2.3071933701308365,13
12,2.48385708754793,14
12,1.5619013098123873,15
12,1.8644055621324225,16
12,1.637470166445285,17
12,2.167809013253873,18
12,1.9220521577353915,19
12,2.410519348855909,20
12,2.7320824751910773,21
12,2.026239205205563,22
12,1.8040180455301849,23
12,2.5675598438425675,24
12,2.463280715855572,25
12,2.0907393807430372,26
12,2.1098746177876757,27
12,1.7431381273296598,28
12,2.936516153730486,29
12,2.0296528353355794,30
12,2.4007810278449675,31
12,3.391718086432927,32
12,2.210221743386801,33
12,3.1233960992951935,34
12,2.5071808022607147,35
12,2.6977770631254248,36
12,1.4871471881135796,37
12,1.3153715829804256,38
12,1.6275511463244219,39
12,1.8921486119352888,40
12,3.629781345143846,41
12,2.8816006294782963,42
12,2.5370753352897206,43
12,1.854692096548739,44
12,2.571641560637271,45
12,1.8762057880811818,46
12,2.830153319928488,47
12,2.2336903606905345,48
12,2.265501553196661,49
12,2.796941628201129,50
12,3.53180134830371,51
12,2.254269374910604,52
12,2.946681597740394,53
13,1.7584201306661675,0
13,1.0682336490164148,1
13,1.5747427199911117,2
13,1.472859588363523,3
13,1.3865072698897447,4
13,1.0682336490164148,5
13,1.0682336490164148,6
13,1.0682336490164148,7
13,1.0682336490164148,8
13,1.3003049483075297,9
13,1.2499248773525262,10
13,1.462535447444871,11
13,1.0682336490164148,12
13,1.0682336490164148,13
13,5.535685334612653,14
13,1.3240962590613283,15
13,1.6781152473442749,16
13,1.0682336490164148,17
13,1.3853727666337836,18
13,1.0682336490164148,19
13,1.3306258414382062,20
13,1.8286834287356948,21
13,1.0682336490164148,22
13,1.3320994710321843,23
13,1.468204953424105,24
13,1.2353270629704034,25
13,1.399558104382256,26
13,1.2353270629704034,27
13,1.7529170112441796,28
13,1.3701883758139628,29
13,1.6894730660910802,30
13,1.852965804915823,31
13,1.6030531499848928,32
13,2.8016845638008636,33
14,1.8143079108738605,0
14,1.8243319631482984,1
14,2.819796178303857,2
14,3.4213641921673292,3
14,2.3915762154328974,4
14,2.3603309487707604,5
14,5.571999059774973,6
14,2.987803701361532,7
14,3.663059897710839,8
14,2.472332203782131,9
14,2.700594946532348,10
14,2.452312717529188,11
14,3.630197629929496,12
14,3.0306161835070955,13
14,2.4086238303026954,14
14,4.301564407203551,15
14,3.332049339751188,16
14,2.837751865900936,17
14,4.073605577856578,18
14,2.9910298847284005,19
14,2.2347435999031626,20
14,4.391044694299997,21
14,4.1862386355951084,22
14,4.051205426317685,23
14,3.139429392903199,24
14,4.552737553199689,25
14,4.387375250246498,26
14,3.9783218723008402,27
14,4.63842593958387,28
14,5.076447649294132,29
14,1.9713763979301486,30
14,4.621203392047145,31
14,7.24436650146183,32
14,5.111833063059846,33
14,3.1233573764009144,34
14,5.043479558239104,35
14,3.5601568287060097,36
14,4.205843215142535,37
14,4.2873800712374885,38
14,2.62312849556942,39
14,4.052134711984492,40
14,2.5321872793374394,41
14,3.5412507883222673,42
14,3.237507468273703,43
14,4.7558855561713465,44
14,3.597832182024426,45
14,3.331662875633524,46
14,5.597822360348483,47
14,3.2362750074781963,48
14,4.133936018675802,49
14,4.6369227299445805,50
14,5.695378279893683,51
14,3.0161599276101647,52
14,4.835302581420412,53
14,5.484657250141384,54
14,3.420947794087377,55
14,4.8694917757115785,56
14,2.7443372427455204,57
14,3.3455113365912084,58
15,3.315893932227872,0
15,4.2512398487849,1
15,4.076237957423119,2
15,3.8140971926542617,3
15,2.4906113858884207,4
15,2.66723380764044,5
15,2.280704141065874,6
15,2.434289371695102,7
15,2.8135937227710577,8
15,3.2507913327791464,9
15,2.78315407152909,10
15,2.886266569080126,11
15,2.0628104661037336,12
15,2.649260478074604,13
15,2.1634345847317507,14
15,2.78721201548547,15
15,2.456622792332219,16
15,2.161751916351709,17
15,4.451124102243531,18
15,3.55008556972267,19
15,2.735771444154865,20
15,3.502414748170924,21
15,2.5332917249083797,22
15,2.480685378893356,23
15,4.231361619355397,24
15,4.460117554584257,25
15,2.128384340550776,26
15,1.939205617637299,27
15,2.3653050957870922,28
15,2.625890006032772,29
15,1.9531443624999,30
15,3.356045462774743,31
15,3.597718097758344,32
15,3.8148297457345803,33
15,3.3206977539919706,34
15,2.09198044354358,35
15,2.7911970163863518,36
15,2.0093584215274674,37
15,1.9537785859942365,38
15,2.779270007123494,39
15,3.6631804208255048,40
15,1.967372787551567,41
15,2.2832766345972475,42
15,2.9391585446140724,43
15,3.203177239904258,44
15,2.9451943370379143,45
15,2.489367817084324,46
15,2.510314565238554,47
15,2.7311257666614566,48
15,3.9661210187980998,49
15,2.2788081509521505,50
15,2.3483167386381725,51
15,3.2753968500145114,52
15,2.210810170227393,53
15,1.9196869668476833,54
15,3.858890494222942,55
15,1.9346876750450643,56
15,1.7527105669781418,57
15,2.389666678337686,58
15,2.5669303206716503,59
15,1.9122747369464181,60
15,2.146934491023583,61
15,3.7763376468305134,62
15,2.3436583850736556,63
15,1.6281631494624513,64
15,4.2448398933053175,65
15,2.4065912313875097,66
15,3.3722465425673436,67
15,2.268578915159773,68
15,1.8829765687411872,69
15,2.195612640522368,70
15,2.4317380541029157,71
15,3.023232009161596,72
15,2.272594107135516,73
15,2.5622573396659187,74
15,4.140922971970321,75
15,2.4381605328780678,76
15,2.10519494024971,77
15,2.4367071280153483,78
15,2.2720305397635863,79
15,2.366041283461099,80
15,2.3533826916371936,81
15,2.3642524677675976,82
15,2.3004338967622147,83
15,2.603894898093201,84
15,4.62955085151136,85
15,3.4023936494213043,86
16,2.358792900485868,0
16,1.9168557327179823,1
16,2.427437347912806,2
16,2.095604752586139,3
16,3.138402247058625,4
16,3.240197822136244,5
16,1.6841828109681491,6
16,2.3003331183089974,7
16,2.80095022302432,8
16,2.422710705806388,9
16,2.322259194416064,10
16,2.58010111717733,11
16,2.353480183071334,12
16,1.7064575203351415,13
16,3.7358144926612202,14
16,3.1761777570587126,15
16,3.039166657720392,16
16,2.7457302758283038,17
16,3.3196599764591848,18
16,2.471079498065013,19
16,3.5695251141219737,20
16,4.46340885028489,21
16,2.548177132287705,22
16,2.428043949672406,23
16,3.194661140312762,24
16,3.2170817963788125,25
16,2.3478957448596898,26
16,2.8967911941277213,27
16,1.9509500976805223,28
16,2.473367936837606,29
16,4.8292718778232455,30
16,5.148022947047514,31
16,2.3088122666183732,32
16,3.6597933110626535,33
16,2.8370361421860215,34
16,2.6687744460432956,35
16,2.2621059593838297,36
16,2.327993699673548,37
16,3.1532883994562937,38
16,3.6363037152211044,39
16,2.229226173051211,40
16,5.351255515566829,41
16,3.483299991218317,42
16,4.565974915475428,43
16,6.722722054966568,44
16,4.003451420258564,45
16,3.1525859182430205,46
16,3.135405801160342,47
16,2.5027134041888415,48
16,2.4656745053844866,49
16,2.492513930843756,50
16,3.6995094883111714,51
16,3.141299324065456,52
16,3.3736027717194585,53
16,4.801927550271945,54
16,3.0567929595367453,55
16,3.19490221687774,56
16,3.8910268546101276,57
16,4.275142011168075,58
16,3.533356530499911,59
16,4.286717231575676,60
16,5.237018880089706,61
16,3.0909103292759754,62
16,7.291629156295315,63
16,3.5829016739562363,64
16,3.4185437909311975,65
16,2.8346812114981557,66
16,3.0664512530949875,67
16,3.5740755502595576,68
16,2.206239557056436,69
16,2.2662303160902146,70
16,3.201046089090799,71
16,2.478213498703075,72
16,2.1081319501804665,73
16,2.0081700846406783,74
16,2.918578082113887,75
16,2.8391195489429166,76
16,3.3283854930872323,77
17,3.896049841279372,0
17,5.151583592362491,1
17,2.451574674008133,2
17,2.16991126912604,3
17,1.6546182510800855,4
17,1.9936092930931404,5
17,1.644536590719113,6
17,1.649254282889737,7
17,3.998665570668646,8
17,2.083595065365981,9
17,3.0633230152080255,10
17,4.037818245380668,11
17,2.927006452584057,12
17,2.0944889987333197,13
17,4.077862243747613,14
17,4.12512079723256,15
17,2.289218318029987,16
17,2.419413301860699,17
17,2.365128168526218,18
17,2.501682232183301,19
17,1.6514243765874856,20
17,2.2189073545807663,21
17,1.8928204538999913,22
17,2.0192466905559243,23
17,2.085053091917553,24
17,2.0208307214138537,25
17,2.4052581451752286,26
17,3.4236505942400215,27
17,2.156752767431438,28
17,3.4799481128527416,29
17,4.721852828857058,30
17,2.71885674409414,31
17,4.047127109282904,32
17,3.0077656109364432,33
17,4.122251435010766,34
17,2.8311264927611544,35
17,3.6151483242100033,36
17,2.82347836953917,37
17,3.593039901299157,38
17,4.638788684677598,39
17,3.047783401245262,40
17,3.1123998867518226,41
17,3.259797065828196,42
17,3.08726835553521,43
17,3.3147213279488397,44
17,3.3091343366815376,45
17,2.6021185710227606,46
17,2.291692638623592,47
17,3.084635112788282,48
17,2.1342670350316557,49
17,3.095037313257715,50
17,1.7100045703071922,51
17,2.2398370114869444,52
17,2.1622376082701344,53
17,3.5078354304486976,54
17,1.963170767243719,55
17,1.8424044178506735,56
17,5.329953881766404,57
17,2.546828918207775,58
17,3.2048276322244282,59
17,4.421862293578823,60
17,3.0574157793596903,61
17,2.4622512615273204,62
17,2.5719984253837294,63
17,2.2136889449612918,64
17,2.8103950934217186,65
17,2.684781570449697,66
17,1.9072725336815652,67
17,5.290166949786833,68
17,2.8926899194272835,69
17,2.1902993975141203,70
17,2.164111424121232,71
17,2.5510713901216815,72
17,2.28324383620467,73
17,3.419418853022335,74
17,1.9527531259140847,75
17,3.345381723892392,76
17,4.638025072897773,77
17,2.383337845448601,78
17,2.3489448706451523,79
17,3.9257640028660177,80
17,1.8276565197786667,81
17,1.709373266357316,82
17,2.416072430291446,83
17,2.8654743342703988,84
17,2.3476856960727477,85
17,3.275089574194013,86
17,4.930065001477546,87
17,3.0636100574319305,88
17,3.4288516804756495,89
17,2.1950379403682683,90
17,2.6022054275500572,91
17,3.360478783458041,92
17,2.0703164814019384,93
17,2.69083895583692,94
17,2.5449680402372747,95
17,1.935732492761794,96
17,2.579302015053837,97
17,3.7214979171150793,98
17,2.540315962258559,99
18,1.9211543063003416,0
18,2.294872874728684,1
18,2.574456894239449,2
18,1.9363064712355125,3
18,2.7114537289457865,4
18,3.223958880025675,5
18,3.0208629649462564,6
18,2.9545690545047774,7
18,2.027653107840418,8
18,2.4535230049596795,9
18,2.7933419948868954,10
18,2.2404588291233076,11
18,2.361963337876591,12
18,2.914194086390488,13
18,4.194930917910858,14
18,3.755482588706373,15
18,3.840034671984241,16
18,3.589881974004264,17
18,2.393009833104995,18
18,2.4797259506685716,19
18,3.784670102924107,20
18,2.503285996972348,21
18,2.236658519652954,22
18,2.3791427333971957,23
18,5.5125178278137525,24
18,3.306354818297233,25
18,2.912281240722366,26
18,2.222054130619194,27
18,2.6561667378638254,28
18,2.742513003876095,29
18,2.2184160735342537,30
18,2.493437881754797,31
18,3.5854062980620465,32
18,2.138549727858842,33
18,1.943706073820589,34
18,2.4671873928684187,35
18,2.0290819054551337,36
18,2.4713550889348777,37
18,3.7000541830398808,38
18,2.226091796684995,39
18,2.1857042241868756,40
18,2.1174825955291863,41
18,2.558096134131633,42
18,3.3298050580043426,43
18,3.75558511075193,44
18,2.5371712115158567,45
18,2.670957479225613,46
18,2.5831524967162136,47
18,1.8539985359053237,48
18,2.5664981293194926,49
18,2.738017766584064,50
18,4.215406278310044,51
18,1.9197661486843947,52
18,2.94437710238927,53
18,2.672227572045729,54
18,1.6551509992895281,55
18,2.9900274101250077,56
18,3.4906284009078323,57
18,3.8836980321365653,58
18,2.6580735932932704,59
18,2.5768745528567245,60
18,3.1905085695357007,61
18,2.769939974794423,62
18,2.502922703140899,63
18,1.8179520303044747,64
18,1.7847464903330779,65
18,2.3222503357171616,66
18,2.306428063876624,67
18,2.5860106429651863,68
18,1.895862403259206,69
18,2.196053843272189,70
18,2.6429833367177586,71
18,2.551007071369718,72
18,3.2475249805515083,73
18,3.6519948129638293,74
18,3.11911640428697,75
18,3.1807647596192394,76
18,2.3304335321429606,77
18,2.788731196963103,78
18,2.4879583296049463,79
18,2.345554784906844,80
18,3.365271374167092,81
18,2.2285611138723587,82
18,1.8913300001258284,83
18,2.768983543091342,84
18,3.210522102818551,85
18,2.3005353652434373,86
18,2.8753153561522007,87
18,2.7327528266364394,88
18,2.343481261137582,89
18,2.8255383467569852,90
18,1.8483344432192994,91
18,2.3952181202941625,92
18,2.328992980590695,93
18,2.0747214987090183,94
18,1.9995846025799524,95
18,2.487833469297557,96
18,2.1762579058992273,97
18,1.8499623605168782,98
18,1.9881063549448028,99
18,2.663482305915595,100
18,2.814481683889149,101
18,2.2477991982337064,102
18,2.332438371587412,103
18,4.112731044439941,104
19,2.3555799639065294,0
19,2.512895749882966,1
19,3.016973708712834,2
19,3.1237773965051567,3
19,2.8433563709585763,4
19,4.402407839700421,5
19,5.488785728239988,6
19,3.1914557523725238,7
19,2.664101367166516,8
19,3.0612462300548233,9
19,3.0798933711074783,10
19,2.2791313076056063,11
19,3.0738497466615717,12
19,3.0059955942677785,13
19,3.064657661017967,14
19,3.417961491339612,15
19,3.0840394685055452,16
19,2.281873393561681,17
19,3.172392579496978,18
19,2.5064945200249897,19
19,2.681578173268088,20
19,2.931917519385651,21
19,3.0531409585114484,22
19,3.5378848984679463,23
19,2.3671958714852632,24
19,3.8498617666520665,25
19,2.9232258366790935,26
19,2.933240720062073,27
19,2.6773479765701107,28
19,2.656752427644347,29
19,4.106246871551763,30
19,2.689174819153284,31
19,3.1397520122440046,32
19,3.027617618704365,33
19,2.2261028096013313,34
19,3.2685269326669717,35
19,2.0767842336071523,36
19,3.333325426527905,37
19,4.163336755047574,38
19,2.607135870465707,39
19,2.6647744161231928,40
19,3.198369941853031,41
19,3.420884584314157,42
19,2.8343426355456267,43
19,5.958141997087041,44
19,2.1316194838720977,45
19,4.545876126461593,46
19,5.874376702913381,47
19,2.3565238049170616,48
19,4.601091307685323,49
19,2.8724526436833786,50
19,3.2282488866054715,51
19,3.1997954669164406,52
19,2.986926217611278,53
19,2.3220272183831696,54
19,2.1263780825974377,55
19,2.539573836162826,56
19,2.126178473300799,57
19,2.7649244513107907,58
19,2.0570809550413305,59
19,3.2501822013019295,60
19,2.6460395306942415,61
19,2.6380008251083247,62
19,4.527603414302173,63
19,1.8923098954182647,64
19,3.1507058881317205,65
19,4.363523328085674,66
19,4.115202776651701,67
19,2.664832231937802,68
19,1.755684727895447,69
19,2.43730064709714,70
19,4.226237319668526,71
19,2.404334481365202,72
19,2.142410502566984,73
19,3.228136131258575,74
19,2.766517230114163,75
19,2.3006166803782833,76
19,2.864234968052914,77
20,3.9522266993097666,0
20,2.3784364928042496,1
20,5.416703701451939,2
20,4.237410879993828,3
20,2.8367486858464415,4
20,2.843901123005927,5
20,3.8909827894376834,6
20,3.5296876009189337,7
20,1.2863418115405263,8
20,3.291236068247743,9
20,1.8374016423772688,10
20,2.0278264249642635,11
20,1.5210627151275902,12
20,1.9571036197985485,13
20,4.188252740441275,14
20,2.5415987679651426,15
20,3.1349079797137698,16
20,3.00110068232166,17
20,1.9209164843332776,18
20,1.8123868273565382,19
20,1.8375342730649724,20
20,1.6973233257656208,21
20,2.238606302984318,22
20,2.327084033126207,23
20,2.6967153486125066,24
20,3.389540690625626,25
20,7.124103756163943,26
20,3.4142589377061707,27
20,2.6355253457255787,28
20,4.195656088948153,29
20,2.948515455779171,30
20,5.290996302502341,31
20,5.090043185788685,32
20,2.8227961944699835,33
20,5.872471549292303,34
20,2.986362613006628,35
20,2.9775098825213484,36
20,2.6694179672391583,37
20,2.581651284302375,38
20,3.378898608343486,39
20,2.9658532338505923,40
20,3.2331141982533627,41
20,3.5627203011112645,42
20,3.065332510277859,43
20,5.2225775128872,44
20,2.8237261068569683,45
20,3.79586114090372,46
20,3.5010292721539122,47
20,3.718264320860304,48
20,3.547481709544438,49
20,4.263136063024225,50
20,2.118611987355595,51
20,3.0397413149231065,52
20,3.0189254480111765,53
20,2.0172914838691267,54
20,4.092937369695412,55
20,3.657701939718794,56
20,4.5970068501226615,57
20,2.8149907021664586,58
20,3.9493683717782675,59
20,6.366025121429994,60
20,4.456305390641855,61
20,4.914937692827397,62
20,4.488398503415078,63
20,2.721593958689657,64
20,4.777170264229489,65
20,2.664991390741871,66
21,4.159427185200668,0
21,2.749162696968075,1
21,2.2104189661899722,2
21,1.9366969523063124,3
21,2.220074169627488,4
21,3.1775941485824,5
21,4.663141219313388,6
21,2.3745562691186595,7
21,1.7190463396394118,8
21,2.417537014931879,9
21,2.3297624414569738,10
21,1.8820715056728192,11
21,3.4317746776070157,12
21,2.872299242258238,13
21,2.189098517725478,14
21,5.336295567163802,15
21,4.817488578156273,16
21,4.027555066918535,17
21,2.8991019903561783,18
21,3.4791736887558016,19
21,4.256475141605488,20
21,2.1225708697376926,21
21,3.4592070805385124,22
21,2.5819128908493205,23
21,2.364201877875031,24
21,1.755300715538271,25
21,2.051872766235446,26
21,3.4051682519360402,27
21,3.050901589345759,28
21,3.0006045114977966,29
21,2.0355851138163126,30
21,2.906684327717196,31
21,2.4249677929092983,32
21,2.527904037727149,33
21,2.6977280195579407,34
21,5.556765123548948,35
21,1.6474880324304209,36
21,2.1608488633355005,37
21,1.5943573160396889,38
21,2.761575061271119,39
21,2.1088807323770666,40
21,2.5032871906324137,41
21,1.950059203930375,42
21,2.793508162994164,43
21,2.6710698778295745,44
21,2.4601452529961456,45
21,3.4156748167922992,46
21,2.7625575849295405,47
22,2.6498106874738996,0
22,2.8316749778233317,1
22,2.1728480357613975,2
22,2.2778942148583825,3
22,2.486766628954135,4
22,4.722509765689132,5
22,1.902146564691818,6
22,1.8113073143560197,7
22,2.1013830689613333,8
22,4.12067136121378,9
22,4.551941439944135,10
22,3.684177236024263,11
22,4.25117650084662,12
22,4.170643359557983,13
22,3.8389846962122856,14
22,6.353402902841265,15
22,4.973102846874269,16
22,3.018784016928732,17
22,4.047409837874412,18
22,2.6198284475752773,19
22,2.46691991281749,20
22,5.570401141818785,21
22,7.778514452262316,22
22,3.7854868048101555,23
22,5.674534296639856,24
22,5.319235646175453,25
22,2.8781860682194886,26
22,3.1388669468231485,27
22,5.100475923560645,28
22,6.288367427758938,29
22,4.288640106846905,30
22,2.766827914027412,31
22,5.763834743758592,32
22,5.151063461844561,33
22,2.6508130127994294,34
22,2.585136210432205,35
22,3.662885233567995,36
22,3.8534036525797717,37
22,4.991187034947498,38
22,2.567959611503372,39
22,4.382606369972478,40
22,4.9856714980749475,41
22,2.3187554497950424,42
22,2.8035154095598767,43
22,4.051446904174562,44
22,4.58407350590132,45
22,5.808980813473985,46
22,7.572954937447987,47
22,2.0238129954712636,48
22,3.258025928453584,49
22,4.297037860712466,50
22,3.945199273470504,51
22,4.4865213747309625,52
22,3.9399208190159354,53
22,4.336011630817877,54
22,4.273464616500383,55
22,2.8008577344490955,56
22,3.9843603703897346,57
22,2.6871596410885847,58
22,3.218762758834064,59
22,1.790186165059755,60
22,2.2033339600743957,61
22,2.9596170388837533,62
22,4.950674266358613,63
22,4.828021056624472,64
22,2.726373897522521,65
22,2.159906663876082,66
22,4.27431189368212,67
22,3.4048654433453103,68
22,2.967744660918493,69
22,3.9133193891904985,70
22,3.540119185037373,71
22,2.6492099479229902,72
22,5.7634156263840115,73
22,6.424362527149902,74
22,3.4335252512694874,75
22,4.4547151628439945,76
22,3.763281797447649,77
22,2.046261449056204,78
22,2.817194601468414,79
22,2.2972618377219796,80
23,1.0682336490164148,0
23,1.2597686877975853,1
23,1.2392206943727693,2
23,1.0682336490164148,3
23,1.2597417690138393,4
23,1.2495194882528258,5
23,1.0682336490164148,6
23,1.0682336490164148,7
23,1.0682336490164148,8
23,1.0682336490164148,9
23,1.0682336490164148,10
23,1.0682336490164148,11
23,1.2330557892664047,12
23,1.0682336490164148,13
23,1.5682387877397992,14
23,1.2474392312955371,15
23,1.338720105836104,16
23,1.3171089080458651,17
23,1.0682336490164148,18
23,1.0682336490164148,19
23,1.0682336490164148,20
23,1.0682336490164148,21
23,1.3430353198398173,22
23,1.2869756612949448,23
23,1.0682336490164148,24
23,1.0682336490164148,25
23,1.4636769555265987,26
23,1.0682336490164148,27
23,1.3754571440409618,28
23,1.3658284948230572,29
23,1.276421781758149,30
23,1.4162508067644806,31
23,1.0682336490164148,32
23,1.0682336490164148,33
23,1.0682336490164148,34
23,1.0682336490164148,35
23,1.0682336490164148,36
23,1.0682336490164148,37
23,1.0682336490164148,38
23,1.0682336490164148,39
23,1.0682336490164148,40
23,1.0682336490164148,41
23,1.0682336490164148,42
23,1.5452389798458335,43
23,1.0682336490164148,44
23,1.0682336490164148,45
23,1.5583026245859701,46
23,2.315968767254535,47
23,1.0682336490164148,48
23,1.0682336490164148,49
23,1.0682336490164148,50
23,1.0682336490164148,51
23,1.2335989697237455,52
23,1.3281253218318272,53
23,1.0682336490164148,54
23,1.0682336490164148,55
23,1.2531037870471853,56
23,1.0682336490164148,57
23,1.0682336490164148,58
23,1.0682336490164148,59
23,1.0682336490164148,60
23,1.0682336490164148,61
23,1.0682336490164148,62
23,1.0682336490164148,63
23,1.0682336490164148,64
23,1.0682336490164148,65
23,1.0682336490164148,66
23,1.0682336490164148,67
23,1.2547855136734918,68
23,1.0682336490164148,69
23,1.0682336490164148,70
23,1.0682336490164148,71
23,1.2429004032537658,72
23,1.8329563397387516,73
23,2.4708456160825847,74
24,1.8258947717236027,0
24,2.1090464102812896,1
24,4.467242001913715,2
24,3.402985872474097,3
24,1.8261342174029265,4
24,1.6459976203894287,5
24,3.189580679136185,6
24,1.929845383484898,7
24,2.354311900061163,8
24,3.484737854727988,9
24,4.80666448984079,10
24,3.7804193326768853,11
24,1.7926552759171621,12
24,1.0682336490164148,13
24,2.189891329924886,14
24,1.609939526141366,15
24,3.1247368031463907,16
24,2.566134533004766,17
24,2.81319595877069,18
24,1.656252944185153,19
24,1.6773307467053225,20
24,2.4676505151327643,21
24,1.744525836682816,22
24,1.924908850700067,23
24,1.6735676521494585,24
24,1.3993380592906104,25
24,1.9571517978600164,26
24,1.6675339582072883,27
24,1.3356153787219367,28
24,1.8370246117200828,29
24,2.032650430723626,30
24,2.7387163455936263,31
24,2.4821562861915063,32
24,2.7288476883457666,33
24,1.2001802300991407,34
24,1.282378030296234,35
24,1.2631934081291352,36
24,1.5476643986374767,37
24,1.467259386375932,38
24,2.125343232497913,39
24,1.4923000579482542,40
24,1.7204901390295075,41
24,1.6407102504685938,42
24,1.4088179594316526,43
24,2.3031913163623656,44
24,1.8308402446157754,45
24,2.1409160680276877,46
24,1.6302946565435847,47
25,1.80451704377601,0
25,3.2645258451862023,1
25,1.8675200564810703,2
25,1.394078145665155,3
25,1.2499710131515174,4
25,1.7747547092953881,5
25,2.060284590196355,6
25,1.2497371853494208,7
25,1.834814358405079,8
25,2.613675723028857,9
25,1.3029765078748035,10
25,1.6197976518849087,11
25,1.2666196247665198,12
25,1.263577174258196,13
25,1.5007872382316965,14
25,1.7710369293098722,15
25,1.2491233697736954,16
25,1.2763094155593706,17
25,1.3972934961025685,18
25,1.2414819196249798,19
25,1.196057696078448,20
25,1.508306991604375,21
25,1.0682336490164148,22
25,1.0682336490164148,23
25,1.2795973191190955,24
25,2.6383505436023476,25
25,1.2353966648519998,26
25,1.2374773443046114,27
25,1.525569179347353,28
25,1.2474392312955371,29
25,1.6647652882052641,30
25,1.0682336490164148,31
25,1.61373176158162,32
25,1.6533907524827933,33
25,1.0682336490164148,34
25,1.7554729352147806,35
25,2.310052381504391,36
25,2.0627981708318694,37
25,1.2343207868536084,38
25,1.24247453810768,39
25,1.8928794601455712,40
25,1.4169029370867638,41
25,1.0682336490164148,42
25,1.2374503486595774,43
25,1.0682336490164148,44
25,1.0682336490164148,45
25,1.5898943564566512,46
25,1.243245157568795,47
25,1.0682336490164148,48
25,1.0682336490164148,49
25,1.0682336490164148,50
25,1.7289547950774171,51
25,2.0753300100757697,52
25,1.6628064950934627,53
25,1.0682336490164148,54
25,1.0682336490164148,55
25,1.2365589934983412,56
25,1.196057696078448,57
25,2.4016349005353708,58
25,1.8385682662749103,59
25,1.504600125645145,60
25,1.4854642745831688,61
25,1.0682336490164148,62
25,1.4812311721363172,63
25,1.2356577666776658,64
25,1.6548983639177623,65
25,1.2631934081291352,66
25,1.0682336490164148,67
25,1.0682336490164148,68
25,1.196057696078448,69
25,2.036515323253541,70
25,1.2247541169670764,71
25,1.0682336490164148,72
25,1.2297846462726334,73
25,1.2367763307843629,74
25,1.322523286403919,75
25,1.0682336490164148,76
25,1.0682336490164148,77
25,1.0682336490164148,78
25,2.098117278618656,79
25,2.377453266302639,80
26,2.85640308144757,0
26,1.3947578502217026,1
26,2.6093905734600846,2
26,1.7698020731714281,3
26,2.713113863823678,4
26,2.2880537573882007,5
26,3.9053298112273835,6
26,1.9903090742246492,7
26,2.3434184049149045,8
26,2.6677144460409723,9
26,2.424708792237425,10
26,2.380696463076401,11
26,2.3315140441197806,12
26,2.8850883705998895,13
26,2.789440387327296,14
26,1.6770668289736346,15
26,2.4304988184384997,16
26,3.4666058824919888,17
26,2.675560134088811,18
26,2.7735547475712123,19
26,2.5656604208424247,20
26,2.0795762448411033,21
26,3.4095311138010196,22
26,2.3012298588625795,23
26,2.132552140251154,24
26,2.0774633107430076,25
26,3.8000817083658016,26
26,2.942379904546799,27
26,2.0410682443835064,28
26,1.7114818861115577,29
26,2.34495257815189,30
26,2.363402306793268,31
26,3.6302460986204625,32
26,3.5583510244073127,33
26,2.7882392252197925,34
26,2.633134428279213,35
26,3.2731985301147444,36
26,2.078419471005503,37
26,2.040340377825182,38
26,2.0793281069348386,39
26,1.8730763618168074,40
26,3.0758932809474153,41
26,2.3031690769638944,42
26,2.448607352539922,43
26,3.3596468396571204,44
26,2.3027829418924175,45
26,1.8279249598091674,46
26,3.0685366905653693,47
26,1.8114713165580716,48
26,1.836791839674792,49
26,2.9483734570637505,50
26,2.8674097599259967,51
26,2.7334940528073672,52
26,2.01457925281301,53
26,2.3389431901167805,54
26,2.284392741121303,55
26,2.2861964891163447,56
26,3.045932463932782,57
26,1.8489291226730613,58
26,3.125485613139457,59
26,1.9453581571642715,60
26,1.0682336490164148,61
26,1.0682336490164148,62
26,2.020018082196502,63
26,2.3534354347030106,64
26,2.907012138770679,65
26,1.5682800571932638,66
26,2.604770552359356,67
26,1.907652838892185,68
26,2.3339631306490376,69
26,1.9928459669628447,70
26,3.669439092462745,71
26,1.2165937013721688,72
26,1.904247121325561,73
26,2.731769505402311,74
26,2.5712822932387382,75
26,2.2936619624104653,76
26,3.5277668807966016,77
26,2.368198428781017,78
26,3.054142748356114,79
26,2.7795446806672115,80
26,2.4229147583970225,81
26,3.2429831928366455,82
26,2.524347151110334,83
26,1.4072888183498318,84
26,1.41379704561789,85
26,1.76015003172043,86
26,6.015412194712248,87
26,4.006623993606957,88
26,2.352845368888844,89
26,2.6926561066312433,90
26,1.9051007339286365,91
26,2.9012755912771393,92
26,1.5543982568309251,93
26,1.613361921057952,94
26,2.3795750033167584,95
26,3.4896968430064295,96
26,3.164809342500983,97
26,4.107229421150029,98
26,1.996712770269882,99
26,1.8910874163065283,100
26,2.28992536451585,101
26,1.8520792512054862,102
26,3.5211604628367574,103
26,4.054026785606725,104
27,1.2603482756822586,0
27,1.8045883558721187,1
27,3.7908728728355374,2
27,4.650241883406062,3
27,3.1219614388885573,4
27,4.315039961258651,5
27,1.8460059402536177,6
27,1.7638167822987727,7
27,3.7511452039028828,8
27,3.850355616996095,9
27,3.111315563817794,10
27,2.0161722403732902,11
27,4.05821558244815,12
27,3.575044975049427,13
27,3.3037430419193714,14
27,6.068319004201878,15
27,4.197706750607083,16
27,3.291558984774793,17
27,3.7548093256924737,18
27,2.3400993396479297,19
27,2.8569312609464697,20
27,2.690699904334253,21
27,2.5656940646241697,22
27,4.274934084474735,23
27,3.4173389602199613,24
27,3.3058148793427824,25
27,3.560568524161596,26
27,1.8565788984606078,27
27,3.077004507034919,28
27,4.6398383721870635,29
27,4.397859057129303,30
27,2.651762451402606,31
27,3.424624941449558,32
27,2.5558040988960276,33
27,3.9472357466519816,34
27,4.290693249797997,35
27,1.7220255751460218,36
27,4.761130993979855,37
27,2.9660848228952346,38
27,3.966385321948446,39
27,3.172134293983327,40
27,1.7326616900711898,41
27,3.9528920079991443,42
27,2.950911484593569,43
27,2.8599697627830336,44
27,3.2753050937328565,45
27,3.998060711934439,46
27,4.73790719022604,47
27,2.875145692829131,48
27,2.5206923493028444,49
27,2.7490686412919763,50
27,3.6611032620865926,51
27,2.3959818980473075,52
28,3.352097877457077,0
28,1.392421705385312,1
28,1.5554772086003428,2
28,1.196057696078448,3
28,1.4030572339359462,4
28,1.422628801738602,5
28,1.0682336490164148,6
28,1.319589001182891,7
28,1.0682336490164148,8
28,1.0682336490164148,9
28,1.0682336490164148,10
28,3.535396191369561,11
28,1.4748921260244645,12
28,1.2396781958118608,13
28,1.0682336490164148,14
28,1.263255525716761,15
28,1.2365589934983412,16
28,1.0682336490164148,17
28,1.0682336490164148,18
28,1.0682336490164148,19
28,1.4043682664302581,20
28,1.0682336490164148,21
28,2.5873661815718423,22
28,1.2506795800568153,23
28,2.72746744737241,24
28,1.0682336490164148,25
28,1.0682336490164148,26
28,1.3320994710321843,27
28,1.2508013201091204,28
28,1.0682336490164148,29
28,1.0682336490164148,30
28,1.0682336490164148,31
28,1.0682336490164148,32
28,1.0682336490164148,33
28,1.0682336490164148,34
28,1.0682336490164148,35
28,1.0682336490164148,36
28,1.0682336490164148,37
28,1.81328496752898,38
28,2.2583138895892367,39
29,2.1431199802781467,0
29,1.8235517126960694,1
29,2.234042805627368,2
29,2.3792455463878106,3
29,2.354415043344973,4
29,2.503142463498807,5
29,3.261535728601468,6
29,1.9824129956560965,7
29,2.7537619100242097,8
29,3.9309864705492767,9
29,2.5108971284312713,10
29,2.937462168211593,11
29,3.1079099916735538,12
29,3.2178416115479003,13
29,3.0617356389453594,14
29,3.7065534764850137,15
29,5.973567597909639,16
29,2.408283317796441,17
29,1.78237846643865,18
29,2.484328817787525,19
29,2.2755738136940704,20
29,2.0216377830905907,21
29,2.1766882133540078,22
29,2.164792604272971,23
29,4.3367410279939484,24
29,4.578160755146166,25
29,3.240995550689498,26
29,4.7732430156618975,27
29,2.3001291068750804,28
29,2.5795861392285353,29
29,1.8325901612312334,30
29,2.5415860427452936,31
29,1.4464714740195443,32
29,2.483617999243322,33
29,3.4171320181828575,34
29,3.7956394214435614,35
29,3.46700510654728,36
29,3.506575720817996,37
29,7.780026051143844,38
29,5.93288818504717,39
29,3.2680371934223245,40
29,2.4913239089708266,41
29,5.185469740262957,42
29,3.109092085078433,43
29,3.7528757089161715,44
29,2.5305303070915985,45
29,2.7749067066790927,46
29,2.538803023736353,47
30,1.7372404225219995,0
30,2.3390016044230877,1
30,2.933826475023988,2
30,1.5487507691672262,3
30,1.0682336490164148,4
30,1.9328221795378873,5
30,2.1919947490396194,6
30,1.8787953330977532,7
30,1.2590231150770146,8
30,1.245314375045004,9
30,1.4066134871497353,10
30,1.2531037870471853,11
30,2.7756358738887896,12
30,2.568193348303453,13
30,1.4590891275115094,14
30,1.5717301015254739,15
30,1.4152566612486226,16
30,1.8803831660761288,17
30,1.0682336490164148,18
30,1.295710264943469,19
30,2.247413772913847,20
30,1.6553813740155612,21
30,1.5144948906294504,22
30,1.8335616997029416,23
30,1.275532423437946,24
30,1.2442493275907587,25
30,1.7744820200640437,26
30,2.314930644338596,27
30,1.657663666381433,28
30,1.3630244106818308,29
30,1.3242631902204614,30
30,2.0019308144095045,31
30,1.992499507433459,32
30,1.0682336490164148,33
30,1.0682336490164148,34
30,1.0682336490164148,35
30,1.4733490070656445,36
30,1.0682336490164148,37
30,1.335305417714859,38
30,1.2335989697237455,39
30,1.3231147114142146,40
30,1.3351443762419617,41
30,1.7888299451820484,42
30,1.0682336490164148,43
30,1.0682336490164148,44
30,1.6320602274145601,45
30,1.5044978926006554,46
30,1.0682336490164148,47
30,1.0682336490164148,48
30,1.3769641313268044,49
30,1.2001802300991407,50
30,1.3400907492179244,51
30,1.294366227653816,52
30,1.3792417046715928,53
30,1.23215632614074,54
30,1.0682336490164148,55
30,1.3204287384904774,56
30,1.3178104264419588,57
30,1.3059476437147741,58
30,2.999292397413561,59
31,1.714337242488428,0
31,1.0682336490164148,1
31,1.8556743567889071,2
31,1.7492419535336177,3
31,1.4347198918829454,4
31,1.8245906707590103,5
31,1.4075176222392791,6
31,1.419148319214898,7
31,1.8441880313283316,8
31,1.5131895039841696,9
31,1.2506795800568153,10
31,1.425244594292704,11
31,1.4117086794082239,12
31,1.5724005421520517,13
31,1.0682336490164148,14
31,1.2870590858269564,15
31,1.6348167465048997,16
31,1.611807940656671,17
31,1.4141446131565707,18
31,1.3290793341994265,19
31,1.2508579448259802,20
31,1.713483312032311,21
31,1.249702007875431,22
31,1.8879157261551607,23
31,1.0682336490164148,24
31,1.63578454113892,25
31,1.7690798358533733,26
31,1.6114104468883352,27
31,1.914756560789086,28
31,1.0682336490164148,29
31,1.7865833268067048,30
31,1.2365589934983412,31
31,1.0682336490164148,32
31,1.0682336490164148,33
31,1.0682336490164148,34
31,1.2518080677526946,35
31,1.0682336490164148,36
31,1.4011659916114572,37
31,1.1902877279544486,38
31,1.8854666693429256,39
32,2.469938722757698,0
32,1.8546415766803483,1
32,2.6599515352929854,2
32,3.0796752905997513,3
32,1.6354321153202578,4
32,1.4457552791633477,5
32,2.022177811232639,6
32,2.2961020809931987,7
32,2.570551191982348,8
32,2.6062285075379092,9
32,4.893168071295564,10
32,3.702302613832973,11
32,3.0560500420694545,12
32,2.037765373275386,13
32,1.0682336490164148,14
32,1.0682336490164148,15
32,1.0682336490164148,16
32,2.0147747497390496,17
32,2.375646760332848,18
32,3.694396798984888,19
32,3.6722335918300812,20
32,2.5835760971016932,21
32,2.838979772771507,22
32,2.3487260482958128,23
32,2.685305224789557,24
32,1.656209606510426,25
32,1.8899754461426175,26
32,3.3017232764733477,27
33,2.5404349769460226,0
33,3.441814315798648,1
33,3.7731405109585983,2
33,4.034847511968402,3
33,3.5097181032173643,4
33,3.589363339368776,5
33,3.3280117525215283,6
33,2.242140617144076,7
33,1.0068636229147248,8
33,1.0068636229147248,9
33,1.0068636229147248,10
33,1.0068636229147248,11
33,1.0068636229147248,12
33,1.0068636229147248,13
33,1.0068636229147248,14
33,1.0068636229147248,15
33,1.0068636229147248,16
33,1.0068636229147248,17
33,1.0068636229147248,18
33,1.0068636229147248,19
33,1.0068636229147248,20
33,1.0068636229147248,21
33,1.0068636229147248,22
33,1.0068636229147248,23
33,1.0068636229147248,24
33,1.0068636229147248,25
33,1.0068636229147248,26
33,1.0068636229147248,27
33,1.0068636229147248,28
33,1.0068636229147248,29
33,1.0068636229147248,30
33,1.0068636229147248,31
33,1.0068636229147248,32
33,1.0068636229147248,33
33,1.0068636229147248,34
33,1.0068636229147248,35
33,1.0068636229147248,36
33,1.0068636229147248,37
33,1.0068636229147248,38
33,1.0068636229147248,39
33,1.0068636229147248,40
33,1.0068636229147248,41
33,1.0068636229147248,42
33,1.0068636229147248,43
33,1.0068636229147248,44
33,1.0068636229147248,45
33,1.0068636229147248,46
33,1.0068636229147248,47
33,1.0068636229147248,48
33,1.0068636229147248,49
33,1.0068636229147248,50
33,1.0068636229147248,51
33,1.0068636229147248,52
33,1.0068636229147248,53
33,1.0068636229147248,54
33,1.0068636229147248,55
33,1.0068636229147248,56
33,1.0068636229147248,57
33,1.0068636229147248,58
33,1.0068636229147248,59
33,1.0068636229147248,60
33,1.0068636229147248,61
33,1.0068636229147248,62
33,1.0068636229147248,63
33,1.0068636229147248,64
33,1.0068636229147248,65
33,1.0068636229147248,66
33,1.0068636229147248,67
33,1.0068636229147248,68
33,1.0068636229147248,69
33,1.6045874996743954,70
33,1.6970852933212743,71
33,1.0068636229147248,72
33,1.0068636229147248,73
33,1.0068636229147248,74
33,1.0068636229147248,75
33,1.0068636229147248,76
33,1.0068636229147248,77
33,1.0068636229147248,78
33,1.0068636229147248,79
33,1.0068636229147248,80
33,1.0068636229147248,81
33,1.0068636229147248,82
33,1.0068636229147248,83
33,1.0068636229147248,84
33,1.0068636229147248,85
33,1.0068636229147248,86
33,1.0068636229147248,87
33,1.0068636229147248,88
33,1.0068636229147248,89
33,1.0068636229147248,90
33,1.0068636229147248,91
33,1.0068636229147248,92
33,1.0068636229147248,93
33,1.0068636229147248,94
33,1.0068636229147248,95
33,1.0068636229147248,96
33,1.0068636229147248,97
33,1.0068636229147248,98
33,1.0068636229147248,99
33,1.0068636229147248,100
33,1.0068636229147248,101
33,1.0068636229147248,102
33,1.0068636229147248,103
33,1.0068636229147248,104
33,1.0068636229147248,105
33,1.0068636229147248,106
33,1.0068636229147248,107
33,1.0068636229147248,108
33,1.0068636229147248,109
33,1.0068636229147248,110
33,1.0068636229147248,111
33,1.0068636229147248,112
33,1.0068636229147248,113
33,1.0068636229147248,114
33,1.0068636229147248,115
33,1.0068636229147248,116
33,1.0068636229147248,117
33,1.0068636229147248,118
33,1.0068636229147248,119
33,1.0068636229147248,120
33,1.0068636229147248,121
33,1.0068636229147248,122
33,1.0068636229147248,123
33,1.0068636229147248,124
33,1.0068636229147248,125
33,1.0068636229147248,126
33,1.0068636229147248,127
33,1.0068636229147248,128
33,1.0068636229147248,129
33,1.0068636229147248,130
33,1.0068636229147248,131
33,1.0068636229147248,132
33,1.0068636229147248,133
33,1.0068636229147248,134
33,1.0068636229147248,135
33,1.0068636229147248,136
33,1.0068636229147248,137
33,1.0068636229147248,138
33,1.0068636229147248,139
33,1.0068636229147248,140
33,1.0068636229147248,141
33,1.0068636229147248,142
33,1.0068636229147248,143
33,1.0068636229147248,144
33,1.0068636229147248,145
33,1.0068636229147248,146
33,1.0068636229147248,147
33,1.0068636229147248,148
33,1.0068636229147248,149
33,1.0068636229147248,150
33,1.0068636229147248,151
33,1.0068636229147248,152
33,1.0068636229147248,153
33,1.0068636229147248,154
33,1.0068636229147248,155
33,1.0068636229147248,156
33,1.0068636229147248,157
33,1.0068636229147248,158
33,1.0068636229147248,159
33,1.0068636229147248,160
33,1.0068636229147248,161
33,1.0068636229147248,162
33,1.0068636229147248,163
33,1.0068636229147248,164
33,1.0068636229147248,165
33,1.0068636229147248,166
33,1.0068636229147248,167
33,1.0068636229147248,168
33,1.0068636229147248,169
33,1.0068636229147248,170
33,1.0068636229147248,171
33,1.0068636229147248,172
33,1.0068636229147248,173
33,1.0068636229147248,174
33,1.0068636229147248,175
33,1.0068636229147248,176
33,1.0068636229147248,177
33,1.0068636229147248,178
33,1.0068636229147248,179
33,1.0068636229147248,180
33,1.0068636229147248,181
33,1.0068636229147248,182
33,1.0068636229147248,183
33,1.0068636229147248,184
33,1.0068636229147248,185
33,1.0068636229147248,186
33,1.0068636229147248,187
33,1.0068636229147248,188
33,1.0068636229147248,189
33,1.0068636229147248,190
33,1.0068636229147248,191
33,1.0068636229147248,192
33,1.0068636229147248,193
33,1.0068636229147248,194
33,1.0068636229147248,195
33,1.0068636229147248,196
33,1.0068636229147248,197
33,1.0068636229147248,198
33,1.0068636229147248,199
33,1.0068636229147248,200
33,1.0068636229147248,201
33,1.0068636229147248,202
33,1.0068636229147248,203
33,1.0068636229147248,204
33,1.0068636229147248,205
33,1.0068636229147248,206
33,1.0068636229147248,207
33,1.0068636229147248,208
33,1.0068636229147248,209
33,1.0068636229147248,210
33,1.0068636229147248,211
33,1.0068636229147248,212
33,1.0068636229147248,213
33,1.0068636229147248,214
33,1.0068636229147248,215
33,1.0068636229147248,216
33,1.0068636229147248,217
33,1.3193437819404943,218
33,1.0068636229147248,219
33,1.0068636229147248,220
33,1.0068636229147248,221
33,1.0068636229147248,222
33,1.0068636229147248,223
33,1.0068636229147248,224
33,1.0068636229147248,225
33,1.0068636229147248,226
33,1.0068636229147248,227
33,1.0068636229147248,228
33,1.0068636229147248,229
33,1.0068636229147248,230
33,1.0068636229147248,231
33,1.0068636229147248,232
33,1.0068636229147248,233
33,1.0068636229147248,234
33,1.0068636229147248,235
33,1.0068636229147248,236
33,1.0068636229147248,237
33,1.0068636229147248,238
33,1.0068636229147248,239
33,1.0068636229147248,240
33,1.0068636229147248,241
33,1.0068636229147248,242
33,1.0068636229147248,243
33,1.0068636229147248,244
33,1.0068636229147248,245
33,1.0068636229147248,246
33,1.0068636229147248,247
33,1.0068636229147248,248
33,1.0068636229147248,249
33,1.0068636229147248,250
33,1.651793638410265,251
33,1.328799838285875,252
33,1.0068636229147248,253
33,2.2608797249548775,254
33,1.4640735238799991,255
33,1.67351019575025,256
33,1.0068636229147248,257
33,2.1521770461257006,258
33,1.0068636229147248,259
33,1.0068636229147248,260
33,1.0068636229147248,261
33,2.742920719664022,262
33,2.316210354221503,263
33,3.378599746853219,264
33,2.955171046265346,265
34,1.6289713071556615,0
34,2.704361485503769,1
34,1.0682336490164148,2
34,1.6571344554149772,3
34,2.51247699917445,4
34,3.0092711956524587,5
34,2.1953786597344527,6
34,1.8458492634305117,7
34,2.228353240558943,8
34,6.601492256605504,9
34,1.0682336490164148,10
34,1.0682336490164148,11
34,2.1537558506799073,12
34,1.44304799801314,13
34,1.0682336490164148,14
34,1.0682336490164148,15
34,3.34605057931722,16
35,2.6043995159358464,0
35,2.5703996650425944,1
35,1.9393482555897879,2
35,2.464099243066475,3
35,2.1474763728084083,4
35,2.1294111521641903,5
35,2.778805542584053,6
35,2.363238621806532,7
35,1.83829278467341,8
35,3.216856302733101,9
35,2.035617751936096,10
35,2.0642502571532884,11
35,5.218524224653888,12
35,3.0733811165706886,13
35,4.655543954810631,14
35,2.3783274773545946,15
35,2.53120219915195,16
35,4.042252907705282,17
35,4.1390811303441435,18
35,2.617263002114212,19
35,2.997844695675965,20
35,3.9516071959576613,21
35,2.538022007070588,22
35,3.0500295714362364,23
35,1.9680993756152185,24
35,4.000478788396575,25
35,1.700332308556152,26
35,2.882762626574114,27
35,2.349458056106258,28
35,1.8890439367466951,29
35,3.494723295201479,30
35,4.942146633382075,31
35,1.874334901253143,32
35,2.602988352822386,33
35,2.8602486611811404,34
35,3.868816574673255,35
35,2.521534312466557,36
35,3.3383514873810887,37
35,4.781950047335963,38
35,2.995374851000904,39
35,2.272830356709277,40
35,1.9640051379941221,41
35,2.2345623205611544,42
35,2.5731094992186896,43
35,2.858714715705393,44
35,2.3734408140777803,45
35,5.704744509497694,46
36,4.052181568309116,0
36,5.338770073633379,1
36,2.1125693259661995,2
36,2.6614099190531095,3
36,2.2002140881530186,4
36,1.913175280550614,5
36,3.0512794926961204,6
36,1.7775844533182914,7
36,2.2942014949860554,8
36,3.0239564946086706,9
36,3.8126806859110483,10
36,2.9597990964268437,11
36,2.684682196483275,12
36,3.121027439948032,13
36,2.7809224337653218,14
36,2.055769674476553,15
36,2.3343017612277612,16
36,2.4291133964117515,17
36,2.7533758868581177,18
36,3.1673369598085417,19
36,3.1152581060879703,20
36,2.5153443515091882,21
36,5.279955452801659,22
36,3.831996911142489,23
36,2.2244635463556928,24
36,2.8019768175159143,25
36,1.697912025317282,26
36,2.18068503846291,27
36,3.944958484964767,28
36,1.0068636229147248,29
36,2.1406965925864165,30
36,2.156927734456952,31
36,3.9621052118402544,32
36,3.724860874159056,33
36,3.5862142010350997,34
36,3.345045950656997,35
36,2.793713305994251,36
36,2.0190694132407523,37
36,4.047857129753551,38
36,4.294807092760481,39
36,2.782224585322826,40
36,2.6901117013543594,41
36,3.258333545444359,42
36,1.0068636229147248,43
36,1.0068636229147248,44
36,1.0068636229147248,45
36,1.0068636229147248,46
36,1.0068636229147248,47
36,1.0068636229147248,48
36,3.600096602227992,49
36,4.554771068577344,50
36,6.33203598008238,51
36,2.9980576963206564,52
36,2.4933528722898464,53
36,3.0667276209515877,54
36,3.117448088114951,55
36,2.579650563510202,56
36,3.0441363578531724,57
36,1.9541639712059384,58
36,2.4276439690863216,59
36,2.6326529587774057,60
36,2.414021171319604,61
36,2.7123581169859934,62
36,1.1043914028676256,63
37,1.0682336490164148,0
37,1.0682336490164148,1
37,1.0682336490164148,2
37,1.0682336490164148,3
37,1.477025187036305,4
37,1.3841817266878556,5
37,1.0682336490164148,6
37,1.0682336490164148,7
37,1.272806346948673,8
37,1.4070110739951294,9
37,1.0682336490164148,10
37,1.0682336490164148,11
37,1.788056459064189,12
37,1.4714975095838072,13
37,1.0682336490164148,14
37,1.0682336490164148,15
37,1.0682336490164148,16
37,2.046149730620927,17
37,2.012354590954097,18
37,1.0682336490164148,19
37,1.0682336490164148,20
37,1.0682336490164148,21
37,1.2458246569985925,22
37,1.3399490174025435,23
37,4.409982603671137,24
37,1.2924592069725667,25
37,1.168999447855658,26
37,1.251002686866193,27
37,2.143533642008015,28
38,3.172302574251382,0
38,2.2562025052981984,1
38,2.4922177090248856,2
38,2.0695188509997076,3
38,2.3871629823862786,4
38,2.8268947514916407,5
38,2.156564960431861,6
38,2.1809676310244592,7
38,1.3062264983155973,8
38,2.278682785571704,9
38,2.7095030885716693,10
38,2.871783284643771,11
38,1.3732899760795003,12
38,1.0682336490164148,13
38,3.46538246036581,14
38,2.3628859346900435,15
38,3.258773659134947,16
38,2.6417222622663155,17
38,1.0682336490164148,18
38,1.0682336490164148,19
38,2.98594754332933,20
38,3.704396964997403,21
38,2.9506290219356925,22
38,3.2703942252151417,23
38,1.6923273109173982,24
38,1.4045863397606135,25
38,2.3616318148585163,26
38,2.6542914679541685,27
38,3.4186860191294497,28
38,3.458075311120054,29
38,2.6600645806126044,30
39,2.24328515192867,0
39,3.915190050791776,1
39,2.242306740297725,2
39,2.8352949412524358,3
39,2.3285721200216165,4
39,1.8760884814706131,5
39,2.681538214937188,6
39,2.3441575610487457,7
39,1.745072450866282,8
39,1.6018670086378228,9
39,2.140031923448542,10
39,1.8699960701959153,11
39,1.8771822111988978,12
39,2.705296886155449,13
39,2.0350560610204402,14
39,2.615380123263245,15
39,2.220874493598873,16
39,3.0224504083828614,17
39,3.2837253417593337,18
40,3.0221056169639526,0
40,2.932059424612287,1
40,3.027190319408294,2
40,4.098458934582859,3
40,3.600709931192188,4
40,2.6850947585246403,5
40,2.7923744868132383,6
40,3.5327841539405846,7
40,2.985694115772653,8
40,4.225520463469228,9
40,2.621535297496559,10
40,3.5835377048809782,11
40,2.9896738435000874,12
40,4.608223396944674,13
40,3.5154664772262914,14
40,3.617914416527242,15
40,3.8234896098152666,16
40,3.3440348467424377,17
40,2.471518012796874,18
40,2.7790871273693605,19
40,3.8785915604862735,20
40,3.4349826973636515,21
40,2.9097341202690554,22
40,3.9951363744563206,23
40,2.4563104852525766,24
40,2.601004893039827,25
40,2.1365135123288646,26
40,2.9637308822580115,27
40,2.8842190482376786,28
40,2.3403117785331444,29
40,2.378092168450972,30
40,2.160186950062549,31
40,1.9948591650762166,32
40,2.211050935448276,33
40,2.3890464533977482,34
40,3.0456183956458345,35
40,2.977413693482061,36
40,4.453576220309503,37
40,5.177763356064423,38
40,3.144839329255725,39
40,4.399530209199739,40
40,2.733450388199659,41
40,3.499995635907513,42
40,3.4966426977384932,43
40,2.5627410572825644,44
40,3.6459349615366015,45
40,3.0211341436578927,46
40,1.541225406679128,47
40,2.198210742602718,48
40,3.239394497439485,49
40,2.91524237769356,50
40,4.797947919201719,51
40,4.041993185910977,52
40,4.839794924139965,53
40,2.107139011272632,54
40,2.557018976788022,55
40,3.514055311686847,56
40,1.0068636229147248,57
40,1.6552865563807329,58
40,2.5222024629462187,59
40,3.360231622169875,60
40,2.3379797736873633,61
40,4.597433766557144,62
40,4.365404677361916,63
40,3.902084868834718,64
40,2.6413390350617796,65
40,3.162501640544441,66
40,1.939850808523402,67
40,3.2901039526981126,68
40,4.340791387207804,69
40,3.347715520947605,70
40,2.287094534840067,71
40,2.5498087280269703,72
40,2.483324610869417,73
40,3.3172330340627423,74
40,3.4640417784077067,75
40,3.9065562666631424,76
40,3.3205651442031594,77
40,2.5906044929948813,78
40,2.6709956878521237,79
40,4.682621817633205,80
40,2.569347036917581,81
40,2.83271215807344,82
40,2.6361647777593964,83
40,3.4627433067877567,84
40,3.2317817000784657,85
40,2.8440804699405837,86
40,2.2137562385171297,87
40,4.712113092200989,88
40,3.6018918175335375,89
40,2.9511120037611747,90
40,4.900706167787619,91
40,2.8272314266614247,92
40,4.337978854297028,93
40,3.0472813287060667,94
40,2.3528291010456424,95
40,2.9530559867677177,96
40,3.6408312080141974,97
40,2.315488291174279,98
40,2.294182624244675,99
40,3.8873669722829156,100
40,2.66323211834197,101
40,1.738818272099115,102
40,4.913863844034761,103
41,3.515150926964448,0
41,5.677116921310799,1
41,2.67513994832354,2
41,2.953712246777843,3
41,2.3332006265634555,4
41,3.4161948254466727,5
41,2.279658182432862,6
41,3.5510768499373864,7
41,4.406325173343726,8
41,2.1929287254394634,9
41,3.0682758876189444,10
41,2.0691794115601416,11
41,1.9456767044351935,12
41,3.106567249251462,13
41,2.0287580467359967,14
41,5.753715057755005,15
41,2.2836486095025155,16
41,2.6650411099614564,17
41,2.168796543082517,18
41,3.6083829994682746,19
41,2.4674715210876426,20
41,2.407770486580046,21
41,3.328698166055116,22
41,2.800351605581447,23
41,5.801483970879292,24
41,2.789729368437954,25
41,3.2053663612668117,26
41,3.8403862537524462,27
41,2.2037863033634726,28
41,2.4511141305226576,29
41,1.9734418927719568,30
41,2.0353815317075323,31
41,2.44342569184577,32
41,2.9017356202172877,33
41,2.8330738424433806,34
41,2.0425958562769386,35
41,1.7358526109531927,36
41,1.9213355837390842,37
41,2.53224629370332,38
41,1.5899315048052676,39
41,2.6696146340846068,40
41,1.8196970037959577,41
41,2.2071026427777536,42
41,2.320080004514964,43
41,1.8327172011543276,44
41,2.5111041183073124,45
41,1.2001802300991407,46
41,1.5953466590587058,47
41,1.5926368516090927,48
41,2.9591742906289364,49
41,2.152914396120976,50
41,1.4440432460655415,51
41,2.4853608363599844,52
41,1.4475803833555538,53
41,1.5725702356693707,54
41,2.461526219173562,55
41,2.6833829923558628,56
41,2.0729659793771376,57
41,3.8633239092163407,58
41,3.2196500103439756,59
41,2.618872959720286,60
41,3.4788800582720567,61
41,3.1785367396257493,62
41,3.1823690815507097,63
41,2.521570383562233,64
41,2.3128662714521475,65
41,4.670742529654107,66
41,3.0223563704585032,67
41,2.61777223901541,68
41,3.488704397939939,69
42,3.0569722486680035,0
42,1.8432084453404125,1
42,2.7131724049913313,2
42,1.8497778941119376,3
42,2.0931050912610245,4
42,2.309753338504353,5
42,2.5162376204964967,6
42,3.487384625559562,7
42,3.041583413834291,8
42,3.2405574517168474,9
42,4.0081856598825585,10
42,3.2030126674358903,11
42,3.578945783203215,12
42,2.156355705367183,13
42,1.8035926079817333,14
42,2.2657931112587093,15
42,2.0858439038844883,16
42,3.1943370676257143,17
42,2.6153124683977222,18
42,2.802008883779311,19
42,2.970013982990226,20
42,2.614028760694406,21
42,2.041724325146412,22
42,1.7933794416820945,23
42,3.6689041530679503,24
42,2.044853340498777,25
42,2.0615992421409297,26
42,1.7224103155482624,27
42,1.767550906311374,28
42,1.275532423437946,29
42,1.878946630827678,30
42,2.124012745590939,31
42,1.4873668564360534,32
42,2.3978830465296657,33
42,2.186210413303436,34
42,2.9472689827593372,35
42,2.1079188509942632,36
42,3.067104925218259,37
42,1.6419423788085368,38
42,2.5497187571917928,39
42,2.221792832497738,40
42,2.4762113191736113,41
42,11.024573057424652,42
